intento: 2 tiempo: 0.035 [0.0220873559438436 0.00158728144228848 0.00229607075796557 0.00149816172632247 0.00214985885945781 0.00220592134480056 0.00301775971743496 0.00220063108330404 0.00257055981736774 0.00239966211963726;0.00158728144228848 0.0230138312300642 0.00157816204465255 0.0017979028095133 0.00202813546824763 0.00229268653391635 0.00262144910594803 0.00168144239634477 0.00273530331316163 0.00141359289398376;0.00229607075796557 0.00157816204465255 0.0222467461912943 0.0020339313195373 0.00162628254031839 0.00258022839085717 0.0023263149644357 0.00202118808113505 0.00264891240131594 0.00234159376391706;0.00149816172632247 0.0017979028095133 0.0020339313195373 0.022521076374518 0.00162176697292951 0.00264376858965983 0.00186061237902736 0.00224051228261529 0.00294752830305939 0.001904196818041;0.00214985885945781 0.00202813546824763 0.00162628254031839 0.00162176697292951 0.0220117317203736 0.0025524399456331 0.00249424136281527 0.00265952207125963 0.00252139709351232 0.00232270928041094;0.00220592134480056 0.00229268653391635 0.00258022839085717 0.00264376858965983 0.0025524399456331 0.0228025775968671 0.00227865986455939 0.00236708579642067 0.00301827172170843 0.00279930463725119;0.00301775971743496 0.00262144910594803 0.0023263149644357 0.00186061237902736 0.00249424136281527 0.00227865986455939 0.022791779204423 0.00201702942488142 0.002554205240887 0.00229959271385817;0.00220063108330404 0.00168144239634477 0.00202118808113505 0.00224051228261529 0.00265952207125963 0.00236708579642067 0.00201702942488142 0.0221731761133287 0.00275531446415749 0.0026049417329948;0.00257055981736774 0.00273530331316163 0.00264891240131594 0.00294752830305939 0.00252139709351232 0.00301827172170843 0.002554205240887 0.00275531446415749 0.0227861913555016 0.00242210879042523;0.00239966211963726 0.00141359289398376 0.00234159376391706 0.001904196818041 0.00232270928041094 0.00279930463725119 0.00229959271385817 0.0026049417329948 0.00242210879042523 0.0233302101377637]intento: 4 tiempo: 0.031 [0.022916782100819 0.00177135808283039 0.00176814738842328 0.0021791033166059 0.00264438107566673 0.00303347190279388 0.00242184489745658 0.00242813200330578 0.00230349390231784 0.00192853782937325;0.00177135808283039 0.0215578088002416 0.00236561450674254 0.00208109958373071 0.00245962238073259 0.00252003363359165 0.00155683612892215 0.00227439144104976 0.00225114833649036 0.00157944875716999;0.00176814738842328 0.00236561450674254 0.02134322102224 0.00219838970678651 0.00160703308326205 0.00179979738776955 0.00187962313297662 0.00192216247350456 0.00174545166744147 0.00133846415082998;0.0021791033166059 0.00208109958373071 0.00219838970678651 0.021367693399438 0.00299054734728451 0.00217427604001744 0.00200888486832596 0.00244974695038297 0.00187931093172404 0.00153326112750363;0.00264438107566673 0.00245962238073259 0.00160703308326205 0.00299054734728451 0.022951328692592 0.00253608395768399 0.00223430361651249 0.00240033423836451 0.00293612624499179 0.00210605984097353;0.00303347190279388 0.00252003363359165 0.00179979738776955 0.00217427604001744 0.00253608395768399 0.0214442589513574 0.00193593387886066 0.0022642724963965 0.00210850869304246 0.00148663117940405;0.00242184489745658 0.00155683612892215 0.00187962313297662 0.00200888486832596 0.00223430361651249 0.00193593387886066 0.0208942145765333 0.00163398685823959 0.00199806010776576 0.00170578536412675;0.00242813200330578 0.00227439144104976 0.00192216247350456 0.00244974695038297 0.00240033423836451 0.0022642724963965 0.00163398685823959 0.0224535331564269 0.00228894887718821 0.00132362783984606;0.00230349390231784 0.00225114833649036 0.00174545166744147 0.00187931093172404 0.00293612624499179 0.00210850869304246 0.00199806010776576 0.00228894887718821 0.0215186029195841 0.00231684236808402;0.00192853782937325 0.00157944875716999 0.00133846415082998 0.00153326112750363 0.00210605984097353 0.00148663117940405 0.00170578536412675 0.00132362783984606 0.00231684236808402 0.0209496073550845]intento: 6 tiempo: 0.025 [0.0240757827116053 0.00215912318124173 0.00277756809764601 0.003064652452893 0.00228757941438047 0.00193203310021491 0.0024573138878731 0.00314457906964062 0.00314487957580225 0.00312232390491968;0.00215912318124173 0.0238515204373398 0.00215018589198944 0.00228433730154099 0.00180292995640979 0.00167790869880444 0.00195016090603774 0.00239840180220425 0.00182523508974697 0.00229303286580524;0.00277756809764601 0.00215018589198944 0.0235159950703583 0.00303583803181514 0.00227642590871704 0.00229631817459741 0.00188329277228712 0.00255187511218534 0.00200383713976636 0.00239625883232514;0.003064652452893 0.00228433730154099 0.00303583803181514 0.0242351446591512 0.00245002261615507 0.00235164059541517 0.00273858892369665 0.00278162690819734 0.00333875755326227 0.00268648969790843;0.00228757941438047 0.00180292995640979 0.00227642590871704 0.00245002261615507 0.0232541150674069 0.00147666826321804 0.00181160167681687 0.00213556467711095 0.00195486816814454 0.00163124811360743;0.00193203310021491 0.00167790869880444 0.00229631817459741 0.00235164059541517 0.00147666826321804 0.0227553964311052 0.00146811489815989 0.00273578069809339 0.00233254164220422 0.00208687991827472;0.0024573138878731 0.00195016090603774 0.00188329277228712 0.00273858892369665 0.00181160167681687 0.00146811489815989 0.0225775382419445 0.00175552635887422 0.00209608196078335 0.00205008982766497;0.00314457906964062 0.00239840180220425 0.00255187511218534 0.00278162690819734 0.00213556467711095 0.00273578069809339 0.00175552635887422 0.0237211773406929 0.00243560346837737 0.00299086011182213;0.00314487957580225 0.00182523508974697 0.00200383713976636 0.00333875755326227 0.00195486816814454 0.00233254164220422 0.00209608196078335 0.00243560346837737 0.0229446638700749 0.00284000883386119;0.00312232390491968 0.00229303286580524 0.00239625883232514 0.00268648969790843 0.00163124811360743 0.00208687991827472 0.00205008982766497 0.00299086011182213 0.00284000883386119 0.0232619447028811]intento: 8 tiempo: 0.025 [0.0244791117854948 0.00279483447860229 0.00277490941326991 0.00183900553207711 0.00282827598638267 0.00313905702161492 0.00296282062647569 0.00356334721536059 0.00241410862338455 0.00249113818393946;0.00279483447860229 0.0248007857942837 0.00291255093986162 0.00254196229247038 0.00282555974684458 0.00311894183211128 0.00269937071026115 0.00320621099090541 0.00170810206295887 0.00245398569459444;0.00277490941326991 0.00291255093986162 0.0250497862842017 0.00295378707006738 0.00285620699453227 0.00196480711802729 0.00250438986782579 0.00300827214178993 0.00170751848196675 0.00213811725205304;0.00183900553207711 0.00254196229247038 0.00295378707006738 0.0258226435379283 0.00301545194361917 0.00255999877063044 0.00291623423039076 0.00341167777714095 0.00324397462936912 0.0028469505656793;0.00282827598638267 0.00282555974684458 0.00285620699453227 0.00301545194361917 0.0252703070201127 0.00240864485573024 0.00205615519728445 0.00353548819159349 0.00218511655212925 0.00247861910642667;0.00313905702161492 0.00311894183211128 0.00196480711802729 0.00255999877063044 0.00240864485573024 0.0253403029549218 0.00233920850713078 0.0034489363683478 0.00244728858823755 0.0022330541966888;0.00296282062647569 0.00269937071026115 0.00250438986782579 0.00291623423039076 0.00205615519728445 0.00233920850713078 0.0257771691690209 0.00318003570489922 0.00236909607318717 0.00280263127911526;0.00356334721536059 0.00320621099090541 0.00300827214178993 0.00341167777714095 0.00353548819159349 0.0034489363683478 0.00318003570489922 0.025169536679649 0.00240938185624025 0.00294326916694146;0.00241410862338455 0.00170810206295887 0.00170751848196675 0.00324397462936912 0.00218511655212925 0.00244728858823755 0.00236909607318717 0.00240938185624025 0.0237236844357398 0.00173236870785651;0.00249113818393946 0.00245398569459444 0.00213811725205304 0.0028469505656793 0.00247861910642667 0.0022330541966888 0.00280263127911526 0.00294326916694146 0.00173236870785651 0.0246108618361119]intento: 10 tiempo: 0.028 [0.0233455793464976 0.00289754252385459 0.00260285417950423 0.00277835183914485 0.00201394608611817 0.0032507384762082 0.00235449318476359 0.00276240602811589 0.00300514233539517 0.00205186144708361;0.00289754252385459 0.0234328395573581 0.00232737082550905 0.00267676453783278 0.00205041888372651 0.00183385969497166 0.00212462035578015 0.00230382983745183 0.00231801332226752 0.00195069696384472;0.00260285417950423 0.00232737082550905 0.0245193007215614 0.0020189277831396 0.00162685854535679 0.00208040783003047 0.0029928914909079 0.00288509560426638 0.00234633290625661 0.00146776209889261;0.00277835183914485 0.00267676453783278 0.0020189277831396 0.0236223487338249 0.00175163493163026 0.00200672297605425 0.00312081186470472 0.00339211494315667 0.00273101949031742 0.00217541438843736;0.00201394608611817 0.00205041888372651 0.00162685854535679 0.00175163493163026 0.0229893496874885 0.0026737348167417 0.00242388370495907 0.00216195140792592 0.00191022922241592 0.00202191782815119;0.0032507384762082 0.00183385969497166 0.00208040783003047 0.00200672297605425 0.0026737348167417 0.0244045192941841 0.00240937266763501 0.00211612843171094 0.00267714315512032 0.00185314970210918;0.00235449318476359 0.00212462035578015 0.0029928914909079 0.00312081186470472 0.00242388370495907 0.00240937266763501 0.0247050624832507 0.00335416605495592 0.00241462567611439 0.00234778168194776;0.00276240602811589 0.00230382983745183 0.00288509560426638 0.00339211494315667 0.00216195140792592 0.00211612843171094 0.00335416605495592 0.0249916417937666 0.00211274161281344 0.00254054327085656;0.00300514233539517 0.00231801332226752 0.00234633290625661 0.00273101949031742 0.00191022922241592 0.00267714315512032 0.00241462567611439 0.00211274161281344 0.0237396989795393 0.00266432158468111;0.00205186144708361 0.00195069696384472 0.00146776209889261 0.00217541438843736 0.00202191782815119 0.00185314970210918 0.00234778168194776 0.00254054327085656 0.00266432158468111 0.0237714167888076]intento: 12 tiempo: 0.03 [0.0239252021091666 0.00233054914517415 0.00291053417323434 0.00204523018777751 0.00227530920933214 0.00281887363694701 0.00273400478065043 0.00275278974659014 0.0021297670765475 0.00257537992428925;0.00233054914517415 0.0259644745361064 0.00329332599048687 0.00289968254741867 0.00268531236431672 0.00308002789482525 0.00212021013159011 0.00233766513198188 0.00290010688008579 0.0033605541786299;0.00291053417323434 0.00329332599048687 0.0252293491180348 0.00225928918683341 0.00307136856952257 0.00337844732188652 0.00242007438259802 0.00336848944893534 0.00264629514294187 0.00314226108545816;0.00204523018777751 0.00289968254741867 0.00225928918683341 0.0245796777334618 0.00249523318212852 0.00316154379624163 0.00244201393184539 0.00245244411563189 0.00222202267953448 0.00248084183554271;0.00227530920933214 0.00268531236431672 0.00307136856952257 0.00249523318212852 0.0244329375535143 0.00197469832847512 0.00202524086220531 0.00275885961417023 0.00226269728002237 0.00242086526591084;0.00281887363694701 0.00308002789482525 0.00337844732188652 0.00316154379624163 0.00197469832847512 0.0260256642015007 0.00315631257561639 0.00345549653221682 0.00250329492786211 0.00259771375568379;0.00273400478065043 0.00212021013159011 0.00242007438259802 0.00244201393184539 0.00202524086220531 0.00315631257561639 0.0246727166026564 0.00219071978153113 0.00301016478735825 0.00257259710239288;0.00275278974659014 0.00233766513198188 0.00336848944893534 0.00245244411563189 0.00275885961417023 0.00345549653221682 0.00219071978153113 0.0250348950927779 0.00308639306285332 0.00274376213251552;0.0021297670765475 0.00290010688008579 0.00264629514294187 0.00222202267953448 0.00226269728002237 0.00250329492786211 0.00301016478735825 0.00308639306285332 0.0248598039518402 0.00194780079627293;0.00257537992428925 0.0033605541786299 0.00314226108545816 0.00248084183554271 0.00242086526591084 0.00259771375568379 0.00257259710239288 0.00274376213251552 0.00194780079627293 0.0253225369183733]intento: 14 tiempo: 0.034 [0.0210274392689646 0.00212761144862485 0.00228121473303981 0.00280287579940001 0.00191716748897625 0.00207901485862918 0.00202266461133241 0.00182224717438704 0.00218451523979338 0.00269335075157216;0.00212761144862485 0.0219854851592039 0.00235165350721139 0.0019852589552605 0.0022692405649066 0.00183420343573897 0.00198227971800332 0.0017038878369236 0.00178126845222785 0.00277397272859707;0.00228121473303981 0.00235165350721139 0.0213042186011461 0.00223797222072493 0.0022021429975816 0.00189033883236878 0.00197576390498712 0.00162686616409822 0.00236484008033758 0.00233167599379351;0.00280287579940001 0.0019852589552605 0.00223797222072493 0.0221016445337413 0.00239178991938069 0.00308406298962907 0.00184669326558195 0.00156128949779458 0.00247455739825924 0.00201403908802385;0.00191716748897625 0.0022692405649066 0.0022021429975816 0.00239178991938069 0.0215918749593433 0.00213172212577037 0.0018023820868133 0.00204365433156122 0.00202069785538882 0.00249056083414472;0.00207901485862918 0.00183420343573897 0.00189033883236878 0.00308406298962907 0.00213172212577037 0.0223557255155971 0.00244147630770478 0.00205926848788926 0.00271161974111061 0.00285418434940333;0.00202266461133241 0.00198227971800332 0.00197576390498712 0.00184669326558195 0.0018023820868133 0.00244147630770478 0.0221936730112237 0.00212580388833752 0.00213512599318724 0.0024817163987962;0.00182224717438704 0.0017038878369236 0.00162686616409822 0.00156128949779458 0.00204365433156122 0.00205926848788926 0.00212580388833752 0.021063899090219 0.00163209365373827 0.00240979599515152;0.00218451523979338 0.00178126845222785 0.00236484008033758 0.00247455739825924 0.00202069785538882 0.00271161974111061 0.00213512599318724 0.00163209365373827 0.0217356685012295 0.00229056800972979;0.00269335075157216 0.00277397272859707 0.00233167599379351 0.00201403908802385 0.00249056083414472 0.00285418434940333 0.0024817163987962 0.00240979599515152 0.00229056800972979 0.0218936677145731]intento: 16 tiempo: 0.024 [0.0224807866483435 0.00174681378727089 0.00221311958751192 0.00286142523653941 0.0024503241690959 0.00230441884789303 0.00228041538963488 0.00250391944876374 0.00277198301143215 0.00204079241343299;0.00174681378727089 0.021579786041615 0.00234008083622618 0.00161055236739724 0.00214500935807616 0.00222817335870587 0.00212553002858949 0.00194938452350787 0.00153804022799425 0.00163933121242256;0.00221311958751192 0.00234008083622618 0.0211605073485842 0.0021722709402466 0.0018759112294297 0.00243413045443703 0.00203292300468513 0.00225466937548866 0.00141663491152836 0.00192916009505047;0.00286142523653941 0.00161055236739724 0.0021722709402466 0.0217087326182305 0.00210490817163695 0.00228549764881042 0.00204237099356259 0.00225803945817976 0.00204974127629624 0.00231203389902787;0.0024503241690959 0.00214500935807616 0.0018759112294297 0.00210490817163695 0.021571118091504 0.00234674234909132 0.00205468176360458 0.0020096395799129 0.00174678992131586 0.00214442255197981;0.00230441884789303 0.00222817335870587 0.00243413045443703 0.00228549764881042 0.00234674234909132 0.0220249645240107 0.00231417487835965 0.00189223612284316 0.00242121800157896 0.00183851048288642;0.00228041538963488 0.00212553002858949 0.00203292300468513 0.00204237099356259 0.00205468176360458 0.00231417487835965 0.0211635088658725 0.00219330844968284 0.00214947771359259 0.00227838119472059;0.00250391944876374 0.00194938452350787 0.00225466937548866 0.00225803945817976 0.0020096395799129 0.00189223612284316 0.00219330844968284 0.0218783609593768 0.00191019412831957 0.00232134760688157;0.00277198301143215 0.00153804022799425 0.00141663491152836 0.00204974127629624 0.00174678992131586 0.00242121800157896 0.00214947771359259 0.00191019412831957 0.0211271192645265 0.00186641871555219;0.00204079241343299 0.00163933121242256 0.00192916009505047 0.00231203389902787 0.00214442255197981 0.00183851048288642 0.00227838119472059 0.00232134760688157 0.00186641871555219 0.0219105579452668]intento: 18 tiempo: 0.028 [0.0205733005199962 0.00167468623135014 0.00193251814354346 0.0018707077885488 0.00192308087271813 0.00227580103952252 0.00208190702435915 0.00196614200101518 0.00197003122466308 0.002159776915722;0.00167468623135014 0.021022556963672 0.00194499410597582 0.00194896237253373 0.00225067688576739 0.00237041074905644 0.0020308094265634 0.00201709174803569 0.00182350911320519 0.0024569347812164;0.00193251814354346 0.00194499410597582 0.0201418674322452 0.00134347363523496 0.00181997127497469 0.00176985132437861 0.00200210168170761 0.00168065895956288 0.00226825205677267 0.00224040042366441;0.0018707077885488 0.00194896237253373 0.00134347363523496 0.0208260565187526 0.0017665082179642 0.00256928534557229 0.00219013674725369 0.00197535235088751 0.00262842116634177 0.00269447515918863;0.00192308087271813 0.00225067688576739 0.00181997127497469 0.0017665082179642 0.0205395696431097 0.0021837039871772 0.00142316986648176 0.0012898492407205 0.00174633426464034 0.00162267845029802;0.00227580103952252 0.00237041074905644 0.00176985132437861 0.00256928534557229 0.0021837039871772 0.0212143859067463 0.00219795002380975 0.00208307697341296 0.00258915696986933 0.00199917002041716;0.00208190702435915 0.0020308094265634 0.00200210168170761 0.00219013674725369 0.00142316986648176 0.00219795002380975 0.0210183512263647 0.00198794246436052 0.0022054894029549 0.0027573546905213;0.00196614200101518 0.00201709174803569 0.00168065895956288 0.00197535235088751 0.0012898492407205 0.00208307697341296 0.00198794246436052 0.0205434980676741 0.001789770192972 0.0018673274942511;0.00197003122466308 0.00182350911320519 0.00226825205677267 0.00262842116634177 0.00174633426464034 0.00258915696986933 0.0022054894029549 0.001789770192972 0.0216282330733887 0.00286498066190426;0.002159776915722 0.0024569347812164 0.00224040042366441 0.00269447515918863 0.00162267845029802 0.00199917002041716 0.0027573546905213 0.0018673274942511 0.00286498066190426 0.0217048851821103]intento: 20 tiempo: 0.027 [0.020770336801322 0.00251241870457004 0.00261307775113308 0.00208481527614497 0.00205603140233325 0.00222474582674125 0.00201464613762063 0.00215253801633409 0.00211820164864774 0.00196179459247857;0.00251241870457004 0.0221950296009943 0.00180203414816474 0.00233713246046512 0.00181182220134085 0.00209466570269959 0.00202199965342608 0.00200530486032117 0.00269248489526993 0.00191657271352807;0.00261307775113308 0.00180203414816474 0.022251188681574 0.00181313397768106 0.00189215303924043 0.00212402604406246 0.00250734407417645 0.00273317488942477 0.00182800216156496 0.00216943283276116;0.00208481527614497 0.00233713246046512 0.00181313397768106 0.0218110010447373 0.00214030730899668 0.00193956878671608 0.00234173348473058 0.00241605185745543 0.00234874710845278 0.00200149283355522;0.00205603140233325 0.00181182220134085 0.00189215303924043 0.00214030730899668 0.0216250879327162 0.00197829832147232 0.00187056280666958 0.00189093429903391 0.0022285361871963 0.00242470633143024;0.00222474582674125 0.00209466570269959 0.00212402604406246 0.00193956878671608 0.00197829832147232 0.0221509784196886 0.00238700338396382 0.00257065169454023 0.00224223137394998 0.00171826168524763;0.00201464613762063 0.00202199965342608 0.00250734407417645 0.00234173348473058 0.00187056280666958 0.00238700338396382 0.0215996272058587 0.00230380688827502 0.0020344840616275 0.0015744359548415;0.00215253801633409 0.00200530486032117 0.00273317488942477 0.00241605185745543 0.00189093429903391 0.00257065169454023 0.00230380688827502 0.0214166052469365 0.00219547277252708 0.0024835215838681;0.00211820164864774 0.00269248489526993 0.00182800216156496 0.00234874710845278 0.0022285361871963 0.00224223137394998 0.0020344840616275 0.00219547277252708 0.0219945110492779 0.00193676882163358;0.00196179459247857 0.00191657271352807 0.00216943283276116 0.00200149283355522 0.00242470633143024 0.00171826168524763 0.0015744359548415 0.0024835215838681 0.00193676882163358 0.0216651509844693]intento: 22 tiempo: 0.029 [0.0212955520128619 0.00227153023024701 0.0018399321442673 0.0021297893817496 0.00207113627088149 0.00187557325729063 0.00254589064044771 0.00256132474536299 0.00162480051775586 0.00158652956785232;0.00227153023024701 0.021434881179233 0.00186829187565337 0.00217718280651048 0.00284997420336694 0.0021729874951962 0.00236107753692656 0.00232718078763849 0.00193947780114511 0.0024766896586664;0.0018399321442673 0.00186829187565337 0.0216610081599509 0.00207455577296838 0.0017363910083656 0.00202426072068514 0.0017926882325069 0.00217596847335441 0.00154527061798892 0.00191405816205502;0.0021297893817496 0.00217718280651048 0.00207455577296838 0.0226636607304994 0.00179161972217689 0.00233742404690037 0.00202962409619563 0.00244412963670073 0.00214823447593637 0.00235310633978016;0.00207113627088149 0.00284997420336694 0.0017363910083656 0.00179161972217689 0.0217959629272852 0.00160528008826858 0.00267260718077209 0.00267485056681643 0.00268055612486139 0.00201018987451561;0.00187557325729063 0.0021729874951962 0.00202426072068514 0.00233742404690037 0.00160528008826858 0.020897474809228 0.0019699017942544 0.00205522376661531 0.00189821519081208 0.00193429372089065;0.00254589064044771 0.00236107753692656 0.0017926882325069 0.00202962409619563 0.00267260718077209 0.0019699017942544 0.0225744337453546 0.0018511504517231 0.0017263193134586 0.00165245813858005;0.00256132474536299 0.00232718078763849 0.00217596847335441 0.00244412963670073 0.00267485056681643 0.00205522376661531 0.0018511504517231 0.0222909484913487 0.00243515916565746 0.00264303041395946;0.00162480051775586 0.00193947780114511 0.00154527061798892 0.00214823447593637 0.00268055612486139 0.00189821519081208 0.0017263193134586 0.00243515916565746 0.0213012831904903 0.00245270483712601;0.00158652956785232 0.0024766896586664 0.00191405816205502 0.00235310633978016 0.00201018987451561 0.00193429372089065 0.00165245813858005 0.00264303041395946 0.00245270483712601 0.021890719052058]intento: 24 tiempo: 0.03 [0.0224841745063554 0.00247622454692535 0.00215604436728154 0.00245357724820633 0.00225544224162155 0.00241173932352854 0.00156207669698886 0.00204417074765571 0.00280094680331356 0.00253987030865797;0.00247622454692535 0.0219166881013628 0.00151868757892777 0.0020688188147615 0.00226707170052683 0.00200886280351716 0.00213660731935803 0.00172326148825046 0.00260461240518416 0.00204763651478213;0.00215604436728154 0.00151868757892777 0.0223886593042763 0.00238533033615295 0.00200178998037633 0.00186960713923294 0.00237626128904612 0.00181273214637743 0.0022101097105533 0.00219325953910774;0.00245357724820633 0.0020688188147615 0.00238533033615295 0.0226964683431426 0.00229834897505155 0.00231391608371825 0.00221853188314124 0.00234850332128502 0.00250051557776421 0.00235252016919526;0.00225544224162155 0.00226707170052683 0.00200178998037633 0.00229834897505155 0.02173374208414 0.00169488866993835 0.00189968475459314 0.00189127158935502 0.00210397861048191 0.00179157778060594;0.00241173932352854 0.00200886280351716 0.00186960713923294 0.00231391608371825 0.00169488866993835 0.022145999894741 0.00203986257673867 0.0017604252461594 0.00202477635432561 0.00205489653065693;0.00156207669698886 0.00213660731935803 0.00237626128904612 0.00221853188314124 0.00189968475459314 0.00203986257673867 0.0217738506628214 0.00175277658588706 0.00239939497529497 0.00231748060485628;0.00204417074765571 0.00172326148825046 0.00181273214637743 0.00234850332128502 0.00189127158935502 0.0017604252461594 0.00175277658588706 0.0214312342125122 0.00229110217120188 0.00215457713977643;0.00280094680331356 0.00260461240518416 0.0022101097105533 0.00250051557776421 0.00210397861048191 0.00202477635432561 0.00239939497529497 0.00229110217120188 0.0226591069985365 0.00277135829405729;0.00253987030865797 0.00204763651478213 0.00219325953910774 0.00235252016919526 0.00179157778060594 0.00205489653065693 0.00231748060485628 0.00215457713977643 0.00277135829405729 0.0219908554036151]intento: 26 tiempo: 0.037 [0.0218632601730674 0.00244293385309335 0.00183117014075183 0.00202644126103146 0.00202081113239532 0.00249708708440325 0.00280195573185538 0.00232835785952204 0.00197212144258694 0.00197133646331549;0.00244293385309335 0.0212061207644711 0.00188115014036898 0.00221953919634743 0.00173663237695764 0.00293711477210066 0.00246558049204632 0.00218051594034185 0.00233279662485782 0.00185772405501051;0.00183117014075183 0.00188115014036898 0.0216401634794682 0.0019406618197042 0.00239104311981941 0.00286077228090884 0.00257689632145573 0.00182333443124935 0.00229228790264778 0.00237878444132407;0.00202644126103146 0.00221953919634743 0.0019406618197042 0.0212043818497617 0.00276721278727712 0.00238338415377905 0.00237319812045638 0.00169563954757949 0.00234597549043048 0.00165944880699418;0.00202081113239532 0.00173663237695764 0.00239104311981941 0.00276721278727712 0.0225650123335525 0.00291667269369236 0.00297703893205594 0.00239207732054724 0.00223363910185068 0.00237651987474386;0.00249708708440325 0.00293711477210066 0.00286077228090884 0.00238338415377905 0.00291667269369236 0.0220574723926584 0.00282041024192422 0.00245974198339101 0.00240192275395784 0.00244712235698849;0.00280195573185538 0.00246558049204632 0.00257689632145573 0.00237319812045638 0.00297703893205594 0.00282041024192422 0.0227379163373975 0.00261403052654114 0.00258343004253242 0.00223094893292264;0.00232835785952204 0.00218051594034185 0.00182333443124935 0.00169563954757949 0.00239207732054724 0.00245974198339101 0.00261403052654114 0.0219617342296672 0.00155703780982723 0.00234216819089495;0.00197212144258694 0.00233279662485782 0.00229228790264778 0.00234597549043048 0.00223363910185068 0.00240192275395784 0.00258343004253242 0.00155703780982723 0.0215642180778246 0.00195992390946894;0.00197133646331549 0.00185772405501051 0.00237878444132407 0.00165944880699418 0.00237651987474386 0.00244712235698849 0.00223094893292264 0.00234216819089495 0.00195992390946894 0.0216215588785375]intento: 28 tiempo: 0.025 [0.0206471246353951 0.00238695683755329 0.00219150953770547 0.00165286953512779 0.00137776798697222 0.00132556414766384 0.00204223684469676 0.00145345347786939 0.00174455690578745 0.00131676190530206;0.00238695683755329 0.0211247432438411 0.00230989429698292 0.00241389155889326 0.002383768473511 0.00217966752307989 0.00249919438338293 0.00208305772561539 0.00244351594012599 0.00212374552559701;0.00219150953770547 0.00230989429698292 0.0213415838360714 0.00254792846818356 0.00281650772329592 0.00170407429889854 0.00235144665282996 0.00179987623281331 0.0019489084088568 0.00254510911471717;0.00165286953512779 0.00241389155889326 0.00254792846818356 0.0216190615959104 0.0023630391325888 0.00156950815452124 0.00238253914129735 0.00242035440262903 0.00227662376054612 0.00158110853114936;0.00137776798697222 0.002383768473511 0.00281650772329592 0.0023630391325888 0.0212442727984858 0.00191122374593544 0.00211577680344132 0.00184780258358822 0.00213499469432256 0.0020660918249344;0.00132556414766384 0.00217966752307989 0.00170407429889854 0.00156950815452124 0.00191122374593544 0.0208072957628442 0.00159450008567327 0.00193100158877895 0.00183325670775412 0.00237617778417972;0.00204223684469676 0.00249919438338293 0.00235144665282996 0.00238253914129735 0.00211577680344132 0.00159450008567327 0.0206431418073657 0.00182683616676551 0.00207902308915125 0.00166411235268383;0.00145345347786939 0.00208305772561539 0.00179987623281331 0.00242035440262903 0.00184780258358822 0.00193100158877895 0.00182683616676551 0.0202242664757212 0.00193304141232157 0.00143650215896977;0.00174455690578745 0.00244351594012599 0.0019489084088568 0.00227662376054612 0.00213499469432256 0.00183325670775412 0.00207902308915125 0.00193304141232157 0.0207534615596548 0.00157946265304512;0.00131676190530206 0.00212374552559701 0.00254510911471717 0.00158110853114936 0.0020660918249344 0.00237617778417972 0.00166411235268383 0.00143650215896977 0.00157946265304512 0.0208749305897435]intento: 30 tiempo: 0.027 [0.0218515630281943 0.00224881454503343 0.00186691491502905 0.00220913061104036 0.00253311486520468 0.00211303590004373 0.0017035560647738 0.00225948483439429 0.00201303844817006 0.00167945193235034;0.00224881454503343 0.0226221575553194 0.0017843825002661 0.00230434040489934 0.00199945711704516 0.00220720479481433 0.00205431402298315 0.00207393386150228 0.00259786143640533 0.00249909431144409;0.00186691491502905 0.0017843825002661 0.0217197517118842 0.00248065328651783 0.00207228949792818 0.00192320772217301 0.00209697584175408 0.0019884575972453 0.00202121474114406 0.00257536606804234;0.00220913061104036 0.00230434040489934 0.00248065328651783 0.0222270605070061 0.00258610004211869 0.00250045610800743 0.00214792500448466 0.00299367749930982 0.00215026561806394 0.00297818195805625;0.00253311486520468 0.00199945711704516 0.00207228949792818 0.00258610004211869 0.0216596013031538 0.00183283250431876 0.00198707813291004 0.00269261853189465 0.00218073698973442 0.00247766401151449;0.00211303590004373 0.00220720479481433 0.00192320772217301 0.00250045610800743 0.00183283250431876 0.0225186780105723 0.00259246735878811 0.00221083831450823 0.00222541777033487 0.0019762212026876;0.0017035560647738 0.00205431402298315 0.00209697584175408 0.00214792500448466 0.00198707813291004 0.00259246735878811 0.021898626802667 0.00221515247296063 0.00202497519254492 0.00197377261659709;0.00225948483439429 0.00207393386150228 0.0019884575972453 0.00299367749930982 0.00269261853189465 0.00221083831450823 0.00221515247296063 0.022418608650191 0.00184359575525564 0.00234206355226703;0.00201303844817006 0.00259786143640533 0.00202121474114406 0.00215026561806394 0.00218073698973442 0.00222541777033487 0.00202497519254492 0.00184359575525564 0.0213586786258361 0.00215707282858069;0.00167945193235034 0.00249909431144409 0.00257536606804234 0.00297818195805625 0.00247766401151449 0.0019762212026876 0.00197377261659709 0.00234206355226703 0.00215707282858069 0.0222365215191029]intento: 32 tiempo: 0.026 [0.0214608384574118 0.00218432508979903 0.00209412936029195 0.00148820418315534 0.00213245048960926 0.00220362116129788 0.00238559027499088 0.00198419254431847 0.00289118267025504 0.00200746330736359;0.00218432508979903 0.0217557670780883 0.00214633713948329 0.00176329786918519 0.00165682097764671 0.00246026727851916 0.00203631001285989 0.00194029548928712 0.00222106195110964 0.00234698262101279;0.00209412936029195 0.00214633713948329 0.0212311495911734 0.00194153347343665 0.00220981883564712 0.00271954294232194 0.00199067639089275 0.00223660978093441 0.00264943675501755 0.00226464738656397;0.00148820418315534 0.00176329786918519 0.00194153347343665 0.0215734919916233 0.00183740617702857 0.00206565585683697 0.00184170484838381 0.00194861652228632 0.00268547348263232 0.00243807105036804;0.00213245048960926 0.00165682097764671 0.00220981883564712 0.00183740617702857 0.0225763969962331 0.00215797993678956 0.00218980316909299 0.00190614822308182 0.00195933630643004 0.0022202960116064;0.00220362116129788 0.00246026727851916 0.00271954294232194 0.00206565585683697 0.00215797993678956 0.0216050765086657 0.00249849608941331 0.00173383920128437 0.00301166432396263 0.00165925857494253;0.00238559027499088 0.00203631001285989 0.00199067639089275 0.00184170484838381 0.00218980316909299 0.00249849608941331 0.0216516733293326 0.00185728663438073 0.00253248613852247 0.00192116426606394;0.00198419254431847 0.00194029548928712 0.00223660978093441 0.00194861652228632 0.00190614822308182 0.00173383920128437 0.00185728663438073 0.0210705244143358 0.00231567108304638 0.00176472082339338;0.00289118267025504 0.00222106195110964 0.00264943675501755 0.00268547348263232 0.00195933630643004 0.00301166432396263 0.00253248613852247 0.00231567108304638 0.0223857137801777 0.00298707407369341;0.00200746330736359 0.00234698262101279 0.00226464738656397 0.00243807105036804 0.0022202960116064 0.00165925857494253 0.00192116426606394 0.00176472082339338 0.00298707407369341 0.0211311748609988]intento: 34 tiempo: 0.029 [0.0218560674268712 0.00156114290515255 0.00219479117443062 0.00255318914197226 0.00194674359207961 0.00230456259822758 0.0023081420930083 0.0021597752352805 0.0022951037482282 0.00162626908583678;0.00156114290515255 0.0216929744927571 0.00224763737725888 0.00185992025798639 0.00227407036758728 0.002239210406999 0.00235712735590583 0.00194830824382692 0.00192086477325975 0.00192477117720298;0.00219479117443062 0.00224763737725888 0.0218004141954168 0.00238471826558897 0.00220018079428993 0.00252855816796816 0.00249661866085563 0.00270676309495336 0.00244603686198278 0.00225848005093685;0.00255318914197226 0.00185992025798639 0.00238471826558897 0.0212451536727035 0.00142440993306327 0.00170011707297995 0.00243855506717732 0.00197929703272554 0.00161877611030934 0.0020201650689135;0.00194674359207961 0.00227407036758728 0.00220018079428993 0.00142440993306327 0.0219208943543116 0.00232493050633635 0.00187357899185191 0.00156927840398541 0.0020464722551943 0.00232731163074474;0.00230456259822758 0.002239210406999 0.00252855816796816 0.00170011707297995 0.00232493050633635 0.0221729200199152 0.00219489782819636 0.00200621225614106 0.00287567309388352 0.00219760068321367;0.0023081420930083 0.00235712735590583 0.00249661866085563 0.00243855506717732 0.00187357899185191 0.00219489782819636 0.0214469935408832 0.00199806486177501 0.00240120074512174 0.00169883904059645;0.0021597752352805 0.00194830824382692 0.00270676309495336 0.00197929703272554 0.00156927840398541 0.00200621225614106 0.00199806486177501 0.0209283868150926 0.00174050608113173 0.00233091763220101;0.0022951037482282 0.00192086477325975 0.00244603686198278 0.00161877611030934 0.0020464722551943 0.00287567309388352 0.00240120074512174 0.00174050608113173 0.0214596163892653 0.00235926181421698;0.00162626908583678 0.00192477117720298 0.00225848005093685 0.0020201650689135 0.00232731163074474 0.00219760068321367 0.00169883904059645 0.00233091763220101 0.00235926181421698 0.0221927432208073]intento: 36 tiempo: 0.029 [0.025649671192125 0.00255853547037353 0.00268651894127046 0.00320220168258493 0.0025516941576821 0.00319895071391183 0.00366544900194487 0.00266029799720996 0.00306663310503065 0.00277617421385519;0.00255853547037353 0.0239919932360239 0.00262219487425106 0.00243635588393982 0.0025680005319732 0.00196633083593964 0.00246068312101544 0.00182562411091674 0.00256930313303729 0.00154439707984349;0.00268651894127046 0.00262219487425106 0.0248675705395599 0.00188998683640171 0.00228835932105225 0.00209280644792789 0.00234056726838735 0.00281739362884882 0.00268310349552813 0.00145980523823407;0.00320220168258493 0.00243635588393982 0.00188998683640171 0.0242673176687499 0.00269324946754627 0.00220233815761557 0.00181425204734665 0.00177398511095208 0.00233356343537096 0.00233138758598592;0.0025516941576821 0.0025680005319732 0.00228835932105225 0.00269324946754627 0.02443494473601 0.00190988650547257 0.00182625419342676 0.00268995392758202 0.00217604182300253 0.00234498651099715;0.00319895071391183 0.00196633083593964 0.00209280644792789 0.00220233815761557 0.00190988650547257 0.0246867099023416 0.00264030139012315 0.00250197723158095 0.00294792745385191 0.00260340939943959;0.00366544900194487 0.00246068312101544 0.00234056726838735 0.00181425204734665 0.00182625419342676 0.00264030139012315 0.0251575380697594 0.00296898457890248 0.00322532481683163 0.00284564213376072;0.00266029799720996 0.00182562411091674 0.00281739362884882 0.00177398511095208 0.00268995392758202 0.00250197723158095 0.00296898457890248 0.0238521094687677 0.00298822231161528 0.00187415720058988;0.00306663310503065 0.00256930313303729 0.00268310349552813 0.00233356343537096 0.00217604182300253 0.00294792745385191 0.00322532481683163 0.00298822231161528 0.0249344533856023 0.00246494293327982;0.00277617421385519 0.00154439707984349 0.00145980523823407 0.00233138758598592 0.00234498651099715 0.00260340939943959 0.00284564213376072 0.00187415720058988 0.00246494293327982 0.0240199929781411]intento: 38 tiempo: 0.024 [0.0229453721341767 0.00245677250007104 0.0018755323319912 0.00180469052458754 0.00261499472113173 0.00155183265216612 0.0022036677300328 0.00166351420706163 0.00215581088496777 0.00229917832460233;0.00245677250007104 0.0240015943874662 0.00230286941607042 0.00291285070719547 0.00233721745172754 0.00205443078487932 0.0034798894244083 0.00209177818577513 0.00276063263776866 0.0024431072629173;0.0018755323319912 0.00230286941607042 0.0229744146231394 0.00250304739157651 0.00241181393618772 0.00172411074287111 0.0029449378245321 0.00179990138971783 0.00206945239461937 0.00241261080849356;0.00180469052458754 0.00291285070719547 0.00250304739157651 0.0234585253769824 0.00277109493512164 0.00179970841169878 0.00237054990478152 0.0024087844952057 0.00234312519853602 0.00203082891754762;0.00261499472113173 0.00233721745172754 0.00241181393618772 0.00277109493512164 0.0240664900255185 0.00224335585103299 0.00301388800420838 0.00262670827954472 0.0027828580801574 0.00262902561877338;0.00155183265216612 0.00205443078487932 0.00172411074287111 0.00179970841169878 0.00224335585103299 0.0231609151807068 0.0025366352818634 0.00198003497996977 0.00201797646778516 0.00186572612021496;0.0022036677300328 0.0034798894244083 0.0029449378245321 0.00237054990478152 0.00301388800420838 0.0025366352818634 0.0242012651948519 0.00272397165991331 0.00270516963077214 0.00229130440324947;0.00166351420706163 0.00209177818577513 0.00179990138971783 0.0024087844952057 0.00262670827954472 0.00198003497996977 0.00272397165991331 0.0232665196022314 0.00210719411583662 0.00177493393018046;0.00215581088496777 0.00276063263776866 0.00206945239461937 0.00234312519853602 0.0027828580801574 0.00201797646778516 0.00270516963077214 0.00210719411583662 0.0236354503622902 0.00283601118505802;0.00229917832460233 0.0024431072629173 0.00241261080849356 0.00203082891754762 0.00262902561877338 0.00186572612021496 0.00229130440324947 0.00177493393018046 0.00283601118505802 0.023372436061768]intento: 40 tiempo: 0.031 [0.0227325415257015 0.00231978554150976 0.0022592947423391 0.00258291787221535 0.00323473058611477 0.00298720683324667 0.00175402684321135 0.00253025079681491 0.00184559578580878 0.00258447366479531;0.00231978554150976 0.0217176348643316 0.00239470274293236 0.00271334305731492 0.00190378029782763 0.00171125518460343 0.00190855592106329 0.00199686122782684 0.00157125884829208 0.00228434916936299;0.0022592947423391 0.00239470274293236 0.0212996695046195 0.00192027554662598 0.0018312854045122 0.00184504865777284 0.00228786625495306 0.00191753692956866 0.00196951760939748 0.00199512857780061;0.00258291787221535 0.00271334305731492 0.00192027554662598 0.0224208895342422 0.00269874564346047 0.00228680736569993 0.00193206435508055 0.00180306760067126 0.00196874072680875 0.00256380935968669;0.00323473058611477 0.00190378029782763 0.0018312854045122 0.00269874564346047 0.0223697632359863 0.00237164522864287 0.00240567932942205 0.00247438997418101 0.00240970231654112 0.00176267121398584;0.00298720683324667 0.00171125518460343 0.00184504865777284 0.00228680736569993 0.00237164522864287 0.0220190319472435 0.0019468044586463 0.00274750488588456 0.00181184366400334 0.00271535564340573;0.00175402684321135 0.00190855592106329 0.00228786625495306 0.00193206435508055 0.00240567932942205 0.0019468044586463 0.0213968748128338 0.00246914459343363 0.00185415032056151 0.00203104590760521;0.00253025079681491 0.00199686122782684 0.00191753692956866 0.00180306760067126 0.00247438997418101 0.00274750488588456 0.00246914459343363 0.0212742182441469 0.00151274392863878 0.0017251276573696;0.00184559578580878 0.00157125884829208 0.00196951760939748 0.00196874072680875 0.00240970231654112 0.00181184366400334 0.00185415032056151 0.00151274392863878 0.0219312535729494 0.00160900257990734;0.00258447366479531 0.00228434916936299 0.00199512857780061