intento: 1 tiempo: 0.555 [0.0211200951123719 0.00169668059922329 0.00203364801909587 0.00206543470452716 0.0016941431365404 0.00238040848409869 0.00196862935385049 0.00194514620798132 0.00202010487960942 0.00185183930516894;0.00169668059922329 0.020426613787271 0.00211696730605632 0.00129746162868925 0.00192260584234651 0.00164169190318477 0.00177009240871809 0.00182688884858396 0.0020243103492298 0.00159800425302036;0.00203364801909587 0.00211696730605632 0.0208276062224618 0.00170141951559847 0.00251432551374909 0.00248530221629522 0.00217221515664076 0.00188131511384843 0.00202221808713774 0.002004260538181;0.00206543470452716 0.00129746162868925 0.00170141951559847 0.0202692700040515 0.00122899804457469 0.00141225196850973 0.00191090361654998 0.0016508084017759 0.00186858577315811 0.00131817678872353;0.0016941431365404 0.00192260584234651 0.00251432551374909 0.00122899804457469 0.0209326160188564 0.00192279309376631 0.00170079804743889 0.00218602925785533 0.0022670891095204 0.00197785920450696;0.00238040848409869 0.00164169190318477 0.00248530221629522 0.00141225196850973 0.00192279309376631 0.0208579594384876 0.0021162510235573 0.00206438621428737 0.0019508499499797 0.00173328731638483;0.00196862935385049 0.00177009240871809 0.00217221515664076 0.00191090361654998 0.00170079804743889 0.0021162510235573 0.0205519802454568 0.00210544883853679 0.001830189503783 0.00212520156557159;0.00194514620798132 0.00182688884858396 0.00188131511384843 0.0016508084017759 0.00218602925785533 0.00206438621428737 0.00210544883853679 0.0204203366824129 0.00249482954773057 0.00179270073091541;0.00202010487960942 0.0020243103492298 0.00202221808713774 0.00186858577315811 0.0022670891095204 0.0019508499499797 0.001830189503783 0.00249482954773057 0.0211954753547238 0.00184742252866461;0.00185183930516894 0.00159800425302036 0.002004260538181 0.00131817678872353 0.00197785920450696 0.00173328731638483 0.00212520156557159 0.00179270073091541 0.00184742252866461 0.0204268564791607]intento: 2 tiempo: 0.049 [0.0234581107773914 0.002712288433225 0.00224478993300985 0.00215606379791201 0.00198687493976554 0.00280416533275629 0.00288623696100742 0.00293020706647562 0.00276051938807487 0.00227170844724009;0.002712288433225 0.0236813325527779 0.00285105143029237 0.00246404069113858 0.00276537687751388 0.00238358780435313 0.00292931631257108 0.00182673122420877 0.002232665841471 0.00202966767469521;0.00224478993300985 0.00285105143029237 0.024090715111196 0.00275168828779405 0.00268022454499326 0.00298666194680443 0.0031014796490663 0.0025985748705228 0.00223988064289241 0.0021206896328969;0.00215606379791201 0.00246404069113858 0.00275168828779405 0.0234779745342396 0.00192367594225091 0.0023074801064401 0.00277798807754205 0.00264999524142156 0.00231730777727885 0.00249449128280997;0.00198687493976554 0.00276537687751388 0.00268022454499326 0.00192367594225091 0.0236409271278753 0.00201787900740584 0.00262362842752801 0.00279016411865871 0.00272498607785077 0.00223539926040477;0.00280416533275629 0.00238358780435313 0.00298666194680443 0.0023074801064401 0.00201787900740584 0.0226564514210922 0.00261914488241747 0.00274341808348839 0.00231930373578551 0.00205049402538383;0.00288623696100742 0.00292931631257108 0.0031014796490663 0.00277798807754205 0.00262362842752801 0.00261914488241747 0.0244784577184568 0.0022009015360005 0.00284184056718631 0.00269011390557159;0.00293020706647562 0.00182673122420877 0.0025985748705228 0.00264999524142156 0.00279016411865871 0.00274341808348839 0.0022009015360005 0.0239574891027598 0.00328109688917345 0.00190058825870179;0.00276051938807487 0.002232665841471 0.00223988064289241 0.00231730777727885 0.00272498607785077 0.00231930373578551 0.00284184056718631 0.00328109688917345 0.0228973216645354 0.00210079928137668;0.00227170844724009 0.00202966767469521 0.0021206896328969 0.00249449128280997 0.00223539926040477 0.00205049402538383 0.00269011390557159 0.00190058825870179 0.00210079928137668 0.0234029307056652]intento: 3 tiempo: 0.048 [0.0211499499382342 0.00193015737695179 0.00126992644349009 0.00214376353787975 0.00151192122703161 0.00168123957645158 0.00176450615254987 0.00159438597410794 0.00188175693712707 0.00177424077199758;0.00193015737695179 0.0213962677091976 0.00193384755712369 0.00121562471444032 0.00179107107663892 0.00174352295362016 0.00208631943891326 0.00184906532737656 0.00193286790800997 0.00147048496709958;0.00126992644349009 0.00193384755712369 0.0205049385115578 0.0011696130244926 0.00186943813219437 0.00187329429854345 0.00129883472171012 0.00184674012905442 0.00182782307622502 0.00167362484784418;0.00214376353787975 0.00121562471444032 0.0011696130244926 0.0197359545007597 0.00150004120197363 0.00127107874527393 0.00133265432604023 0.00122279646183554 0.00138568139592558 0.0017666923215738;0.00151192122703161 0.00179107107663892 0.00186943813219437 0.00150004120197363 0.0207331084671037 0.00187601536103327 0.00153969117208716 0.00140431836142187 0.00126799592236639 0.00176985136022615;0.00168123957645158 0.00174352295362016 0.00187329429854345 0.00127107874527393 0.00187601536103327 0.0201636014494196 0.00162501560030486 0.00128062915226726 0.00151623036718653 0.0014607060888831;0.00176450615254987 0.00208631943891326 0.00129883472171012 0.00133265432604023 0.00153969117208716 0.00162501560030486 0.0198100627084789 0.00114776804168651 0.00158711638693903 0.000857287970329274;0.00159438597410794 0.00184906532737656 0.00184674012905442 0.00122279646183554 0.00140431836142187 0.00128062915226726 0.00114776804168651 0.019934169807622 0.0014871576215108 0.00147395562359424;0.00188175693712707 0.00193286790800997 0.00182782307622502 0.00138568139592558 0.00126799592236639 0.00151623036718653 0.00158711638693903 0.0014871576215108 0.0202544774021306 0.00164836952758213;0.00177424077199758 0.00147048496709958 0.00167362484784418 0.0017666923215738 0.00176985136022615 0.0014607060888831 0.000857287970329274 0.00147395562359424 0.00164836952758213 0.020200584463857]intento: 4 tiempo: 0.032 [0.0210589224671095 0.00217179818948395 0.00206838265053839 0.00147038817969789 0.00210786345322955 0.00231161937649901 0.00248124722137679 0.00170475794961003 0.00200140406646556 0.00233996933035463;0.00217179818948395 0.0210619022710414 0.00138115069122536 0.00177992583981311 0.0021836968090711 0.00201390742578722 0.00231368736325647 0.00173449839956857 0.00179087214774334 0.00146593883840877;0.00206838265053839 0.00138115069122536 0.0207798548241175 0.00203927249437966 0.00191853914783908 0.00201112124196361 0.00197799567845969 0.00189183240998948 0.00163318066783811 0.00205469678866453;0.00147038817969789 0.00177992583981311 0.00203927249437966 0.0211212648369152 0.00142691609561051 0.00211861549436665 0.00196998958481051 0.002324730484885 0.00174392924441596 0.00230607413644615;0.00210786345322955 0.0021836968090711 0.00191853914783908 0.00142691609561051 0.0204580535324347 0.0025880983927239 0.00215396716200367 0.00175919466847598 0.00193112215756152 0.00213937220155522;0.00231161937649901 0.00201390742578722 0.00201112124196361 0.00211861549436665 0.0025880983927239 0.0209745936951154 0.00221420222438818 0.00217693283284245 0.00195639591118876 0.00183438043351921;0.00248124722137679 0.00231368736325647 0.00197799567845969 0.00196998958481051 0.00215396716200367 0.00221420222438818 0.0208078265432733 0.00195819049886915 0.00231723154139511 0.00283530001621775;0.00170475794961003 0.00173449839956857 0.00189183240998948 0.002324730484885 0.00175919466847598 0.00217693283284245 0.00195819049886915 0.0205514040139182 0.00175949177256816 0.00211635957610189;0.00200140406646556 0.00179087214774334 0.00163318066783811 0.00174392924441596 0.00193112215756152 0.00195639591118876 0.00231723154139511 0.00175949177256816 0.0214109039481837 0.00198074455812401;0.00233996933035463 0.00146593883840877 0.00205469678866453 0.00230607413644615 0.00213937220155522 0.00183438043351921 0.00283530001621775 0.00211635957610189 0.00198074455812401 0.0215903539765202]intento: 5 tiempo: 0.097 [0.020432243899929 0.00202980840810026 0.00193113177525315 0.00217056941518956 0.00179480362972101 0.00217222804045365 0.00225875346340774 0.00233105382845187 0.00176368078509473 0.00204333354303378;0.00202980840810026 0.0205327920637984 0.00177506423221328 0.00186850158744702 0.00224711114899092 0.0020863907079531 0.00198723148735391 0.0018580253906695 0.0017843543551578 0.00208794414470815;0.00193113177525315 0.00177506423221328 0.0208562641704675 0.0022313087739234 0.00211296002054612 0.00159776273563865 0.00211664899808074 0.00196613936473744 0.00188842101009596 0.00206939167031251;0.00217056941518956 0.00186850158744702 0.0022313087739234 0.0201457904485048 0.00178206531390084 0.00165891689167099 0.00193253750734412 0.00226469602185042 0.00154582492630774 0.00179552961448461;0.00179480362972101 0.00224711114899092 0.00211296002054612 0.00178206531390084 0.0202825540966708 0.0013772025662137 0.00138467599394719 0.00211841919729663 0.00187187819342413 0.00195602496040899;0.00217222804045365 0.0020863907079531 0.00159776273563865 0.00165891689167099 0.0013772025662137 0.0206721734827115 0.0012804065711262 0.00216545876525676 0.00165372319155292 0.00168854173147697;0.00225875346340774 0.00198723148735391 0.00211664899808074 0.00193253750734412 0.00138467599394719 0.0012804065711262 0.0203918822478882 0.00253807853039412 0.00222304262151409 0.00155011827473419;0.00233105382845187 0.0018580253906695 0.00196613936473744 0.00226469602185042 0.00211841919729663 0.00216545876525676 0.00253807853039412 0.0212964385029087 0.00213200596230127 0.00216221053507498;0.00176368078509473 0.0017843543551578 0.00188842101009596 0.00154582492630774 0.00187187819342413 0.00165372319155292 0.00222304262151409 0.00213200596230127 0.020101310391145 0.00177273871997264;0.00204333354303378 0.00208794414470815 0.00206939167031251 0.00179552961448461 0.00195602496040899 0.00168854173147697 0.00155011827473419 0.00216221053507498 0.00177273871997264 0.0207008386258631]intento: 6 tiempo: 0.029 [0.0200592861743734 0.00182047957611718 0.00146141320980816 0.00142990645968624 0.00200239257920473 0.00162867906840707 0.00225757772898226 0.0015959164577487 0.00167171580979675 0.00112543994089533;0.00182047957611718 0.020279294430266 0.00147211880129258 0.00161943853853542 0.00196394725543931 0.00199549570153729 0.00198404331308087 0.00177197365391446 0.00183741706660893 0.00180901787476056;0.00146141320980816 0.00147211880129258 0.0209811984286927 0.00183258919898167 0.00201735580115246 0.00203787810282701 0.00245585946069842 0.00203225704826872 0.00174983144790497 0.00210486095368832;0.00142990645968624 0.00161943853853542 0.00183258919898167 0.0199668454861727 0.00201449549617653 0.00184286520172045 0.00219791391943447 0.00176533155611649 0.001807242907385 0.0013083114112995;0.00200239257920473 0.00196394725543931 0.00201735580115246 0.00201449549617653 0.0208241985247663 0.00230299432386363 0.00195575710034427 0.00188501866485527 0.00226748081047619 0.0018544264356395;0.00162867906840707 0.00199549570153729 0.00203787810282701 0.00184286520172045 0.00230299432386363 0.0210013165016564 0.00226561693138908 0.0017514826886751 0.00199023889988126 0.00154993997782939;0.00225757772898226 0.00198404331308087 0.00245585946069842 0.00219791391943447 0.00195575710034427 0.00226561693138908 0.0207194777634208 0.00141099902805854 0.00162314725802974 0.00180055220397247;0.0015959164577487 0.00177197365391446 0.00203225704826872 0.00176533155611649 0.00188501866485527 0.0017514826886751 0.00141099902805854 0.0200724989174597 0.00207472048006396 0.00176762186353669;0.00167171580979675 0.00183741706660893 0.00174983144790497 0.001807242907385 0.00226748081047619 0.00199023889988126 0.00162314725802974 0.00207472048006396 0.0202663955476594 0.00167949629594627;0.00112543994089533 0.00180901787476056 0.00210486095368832 0.0013083114112995 0.0018544264356395 0.00154993997782939 0.00180055220397247 0.00176762186353669 0.00167949629594627 0.0200503977689301]intento: 7 tiempo: 0.039 [0.0233195185094089 0.00335795283585807 0.00212775437211062 0.00254568265396687 0.00292763272224974 0.00308399237721111 0.00317621475654308 0.00298893437777519 0.00345912477650317 0.00336183803241048;0.00335795283585807 0.02363613607718 0.00275223791545338 0.00260675109602505 0.00309301670287492 0.00351261024491722 0.00333360994783707 0.00316143055004918 0.00328276176647757 0.00414072962408475;0.00212775437211062 0.00275223791545338 0.0236619562283775 0.00230387669752814 0.00256343652120371 0.00321499312017311 0.00296764562339169 0.00276994942898329 0.00321094198399264 0.0027121647943455;0.00254568265396687 0.00260675109602505 0.00230387669752814 0.0236077056347509 0.00243414882694979 0.00294512650797532 0.0030932733797908 0.00256927223934587 0.00356823274462796 0.00301424327770687;0.00292763272224974 0.00309301670287492 0.00256343652120371 0.00243414882694979 0.0235338294013946 0.00341671429023276 0.00388363256784833 0.00267525640471294 0.00322742422031742 0.00363646019553557;0.00308399237721111 0.00351261024491722 0.00321499312017311 0.00294512650797532 0.00341671429023276 0.0246314434133502 0.0031419885580304 0.00256016650033529 0.00328073948165174 0.00364480815392373;0.00317621475654308 0.00333360994783707 0.00296764562339169 0.0030932733797908 0.00388363256784833 0.0031419885580304 0.0239950365455283 0.00304715106684777 0.00337361931756773 0.00404919196054687;0.00298893437777519 0.00316143055004918 0.00276994942898329 0.00256927223934587 0.00267525640471294 0.00256016650033529 0.00304715106684777 0.0240675787925593 0.00268430679489174 0.00293132921373647;0.00345912477650317 0.00328276176647757 0.00321094198399264 0.00356823274462796 0.00322742422031742 0.00328073948165174 0.00337361931756773 0.00268430679489174 0.0246784190763834 0.00337537997451683;0.00336183803241048 0.00414072962408475 0.0027121647943455 0.00301424327770687 0.00363646019553557 0.00364480815392373 0.00404919196054687 0.00293132921373647 0.00337537997451683 0.0248169135353669]intento: 8 tiempo: 0.038 [0.0234695846573678 0.00262849242729698 0.00236211844505698 0.00224447596835849 0.00296221434384322 0.00265127472468832 0.00186922580610226 0.00264249999258246 0.00235196344383408 0.00247843440912058;0.00262849242729698 0.0237324188862344 0.00292450276291139 0.00268264307416489 0.00259392185078055 0.00274891958536348 0.0021991138001768 0.00233985968075572 0.00308414786150156 0.00254963294610265;0.00236211844505698 0.00292450276291139 0.0225991025107422 0.00262471078234787 0.00275277471909931 0.00202531174568797 0.00188958027423463 0.0023005579453141 0.00183190551469337 0.00308591671722985;0.00224447596835849 0.00268264307416489 0.00262471078234787 0.0243188984178112 0.00264982168061337 0.00223587189497434 0.00256729054582267 0.00278025297582124 0.00230557975964718 0.00337864871105746;0.00296221434384322 0.00259392185078055 0.00275277471909931 0.00264982168061337 0.0234715475025064 0.00250004479468909 0.00265566694598683 0.00202692790712345 0.00200218798433712 0.00252571024066896;0.00265127472468832 0.00274891958536348 0.00202531174568797 0.00223587189497434 0.00250004479468909 0.0226435922671927 0.00179476188074725 0.00236953838109947 0.00248420292071815 0.00221532912717392;0.00186922580610226 0.0021991138001768 0.00188958027423463 0.00256729054582267 0.00265566694598683 0.00179476188074725 0.0237228108489392 0.00188138876914123 0.00230169662159182 0.00307011095166389;0.00264249999258246 0.00233985968075572 0.0023005579453141 0.00278025297582124 0.00202692790712345 0.00236953838109947 0.00188138876914123 0.0232185875703202 0.00212908381548793 0.0029572309988576;0.00235196344383408 0.00308414786150156 0.00183190551469337 0.00230557975964718 0.00200218798433712 0.00248420292071815 0.00230169662159182 0.00212908381548793 0.0227113737517559 0.00212648379067708;0.00247843440912058 0.00254963294610265 0.00308591671722985 0.00337864871105746 0.00252571024066896 0.00221532912717392 0.00307011095166389 0.0029572309988576 0.00212648379067708 0.0244055212946774]intento: 9 tiempo: 0.035 [0.022933663247056 0.00263971244676127 0.0029912311421795 0.00267701155135524 0.00260867104326111 0.00269951105932723 0.00254715485487119 0.0022949135994358 0.00309825600338004 0.00245142153453844;0.00263971244676127 0.0237985268078381 0.00258154200324302 0.00285587420594863 0.00192417796194566 0.00339900320068524 0.00343114830499875 0.00225973371376315 0.00305547645709725 0.00241588255987134;0.0029912311421795 0.00258154200324302 0.0227104601026493 0.00250039840401332 0.00311266650184068 0.00327718857980975 0.00263837814265556 0.00293711185458876 0.00289764182804654 0.00289101157798853;0.00267701155135524 0.00285587420594863 0.00250039840401332 0.0230708228199547 0.00164477991878779 0.002495148033033 0.00263003599592689 0.00231877772221851 0.0032269747541781 0.00234262990502268;0.00260867104326111 0.00192417796194566 0.00311266650184068 0.00164477991878779 0.023495710786519 0.00292134813945143 0.00254502297257458 0.00281705338063359 0.00261368285912309 0.00218872872934765;0.00269951105932723 0.00339900320068524 0.00327718857980975 0.002495148033033 0.00292134813945143 0.0246673491422104 0.00280585316707818 0.00261543536198335 0.00371390102125541 0.00249073964832467;0.00254715485487119 0.00343114830499875 0.00263837814265556 0.00263003599592689 0.00254502297257458 0.00280585316707818 0.0236476276640572 0.00228217499757159 0.00310448084096975 0.00265649569948154;0.0022949135994358 0.00225973371376315 0.00293711185458876 0.00231877772221851 0.00281705338063359 0.00261543536198335 0.00228217499757159 0.0238091943506525 0.00338067948773722 0.00233885765484848;0.00309825600338004 0.00305547645709725 0.00289764182804654 0.0032269747541781 0.00261368285912309 0.00371390102125541 0.00310448084096975 0.00338067948773722 0.0244985648527814 0.00312989590001395;0.00245142153453844 0.00241588255987134 0.00289101157798853 0.00234262990502268 0.00218872872934765 0.00249073964832467 0.00265649569948154 0.00233885765484848 0.00312989590001395 0.0233151188964476]intento: 10 tiempo: 0.025 [0.0210342961841853 0.00170557268980126 0.00208051029042943 0.00204816173760747 0.00237371598486289 0.00211291219461884 0.00165148166657677 0.00229794619269728 0.00221762129928402 0.00203042356472489;0.00170557268980126 0.021517156489544 0.00257130209176856 0.00200440452634371 0.00205252760869436 0.00177941468170395 0.00186080185654498 0.00159521473208181 0.00225937966360332 0.00214901250507647;0.00208051029042943 0.00257130209176856 0.0216990310458621 0.00179875158849427 0.00211711895340399 0.00198136104021538 0.00217680648991919 0.00254746343759905 0.00208269553657977 0.00204469490269243;0.00204816173760747 0.00200440452634371 0.00179875158849427 0.0214330788925946 0.00160840467535101 0.00194302237018356 0.00166336619948411 0.00191110385270226 0.00239082526346566 0.00225120673884867;0.00237371598486289 0.00205252760869436 0.00211711895340399 0.00160840467535101 0.0207079267136732 0.00212085347894491 0.00178983876448202 0.00240791096398416 0.00191172080301358 0.0022046101119371;0.00211291219461884 0.00177941468170395 0.00198136104021538 0.00194302237018356 0.00212085347894491 0.0203695601896028 0.00114475498744398 0.00176593574641465 0.00144210740956303 0.00155526815784337;0.00165148166657677 0.00186080185654498 0.00217680648991919 0.00166336619948411 0.00178983876448202 0.00114475498744398 0.0207442616639801 0.00142312465260844 0.00219036867606901 0.00150848214103881;0.00229794619269728 0.00159521473208181 0.00254746343759905 0.00191110385270226 0.00240791096398416 0.00176593574641465 0.00142312465260844 0.0213280553019145 0.00174368119298264 0.00213061689240911;0.00221762129928402 0.00225937966360332 0.00208269553657977 0.00239082526346566 0.00191172080301358 0.00144210740956303 0.00219036867606901 0.00174368119298264 0.0212424689450147 0.00226622000718068;0.00203042356472489 0.00214901250507647 0.00204469490269243 0.00225120673884867 0.0022046101119371 0.00155526815784337 0.00150848214103881 0.00213061689240911 0.00226622000718068 0.0206019429466489]intento: 11 tiempo: 0.033 [0.0248814794175621 0.00265749120492577 0.00235804297781022 0.00240274230140164 0.00289991559095716 0.00291385607651757 0.00303185466799244 0.00322907875252093 0.00316992345063746 0.00296236186035698;0.00265749120492577 0.0228772472278054 0.00218336796537335 0.00244378743060295 0.00235539189973558 0.00203020063422385 0.00304221184482262 0.00275870734822077 0.00289877593946669 0.0027202889477095;0.00235804297781022 0.00218336796537335 0.0226982754308392 0.00268098487422768 0.00220024620672239 0.00290060081680229 0.0021493360580934 0.00275219089072518 0.0034750628071251 0.00215152864133811;0.00240274230140164 0.00244378743060295 0.00268098487422768 0.0231900209197786 0.00198618500195926 0.00229338739781183 0.00262801440445838 0.00282692664154651 0.00220352955432821 0.00325698019119205;0.00289991559095716 0.00235539189973558 0.00220024620672239 0.00198618500195926 0.0226176716898707 0.00205244850298915 0.00318377271639162 0.00269414160726063 0.00271663831448469 0.00269924044527013;0.00291385607651757 0.00203020063422385 0.00290060081680229 0.00229338739781183 0.00205244850298915 0.0228823839732617 0.00296132121219598 0.00272444994145484 0.00281087046523733 0.00278053102261177;0.00303185466799244 0.00304221184482262 0.0021493360580934 0.00262801440445838 0.00318377271639162 0.00296132121219598 0.0240832382102103 0.00313861655100109 0.00289699961950203 0.00255843730657224;0.00322907875252093 0.00275870734822077 0.00275219089072518 0.00282692664154651 0.00269414160726063 0.00272444994145484 0.00313861655100109 0.0234374244837719 0.00283540036555973 0.00364398672001809;0.00316992345063746 0.00289877593946669 0.0034750628071251 0.00220352955432821 0.00271663831448469 0.00281087046523733 0.00289699961950203 0.00283540036555973 0.0245952413413825 0.00258730321457262;0.00296236186035698 0.0027202889477095 0.00215152864133811 0.00325698019119205 0.00269924044527013 0.00278053102261177 0.00255843730657224 0.00364398672001809 0.00258730321457262 0.0242149303029967]intento: 12 tiempo: 0.029 [0.0205699917145655 0.00227194377716557 0.00177130224902482 0.00203283678851505 0.00183874065306608 0.00185758264832678 0.00171354652358816 0.00122693205088828 0.00203096754765416 0.00158508047892635;0.00227194377716557 0.0213409574667011 0.00224223563930628 0.00227158079710169 0.00209259612095605 0.00279682558393809 0.00233315408501094 0.00180605767650588 0.00298149968154312 0.00188692820941986;0.00177130224902482 0.00224223563930628 0.0207791348725243 0.00230151617653358 0.00200484294211046 0.00197000027394725 0.0025273273406785 0.00166194199402087 0.00256720878626723 0.00213489343267886;0.00203283678851505 0.00227158079710169 0.00230151617653358 0.0212547717056985 0.00251445661662546 0.00175314387312678 0.00276204315154435 0.00151088470625351 0.00224809287061538 0.00202901413090262;0.00183874065306608 0.00209259612095605 0.00200484294211046 0.00251445661662546 0.0199167655338428 0.0017870568112253 0.00220383275434885 0.00158470761480461 0.00230466636369207 0.00216964277423581;0.00185758264832678 0.00279682558393809 0.00197000027394725 0.00175314387312678 0.0017870568112253 0.0207152947114016 0.001761787313439 0.00213768755893313 0.00273372081677148 0.00161690595514716;0.00171354652358816 0.00233315408501094 0.0025273273406785 0.00276204315154435 0.00220383275434885 0.001761787313439 0.0208006334394721 0.00130966852902661 0.00217689817537864 0.00202863338219021;0.00122693205088828 0.00180605767650588 0.00166194199402087 0.00151088470625351 0.00158470761480461 0.00213768755893313 0.00130966852902661 0.0197626726676829 0.00213965405105047 0.00160594094966864;0.00203096754765416 0.00298149968154312 0.00256720878626723 0.00224809287061538 0.00230466636369207 0.00273372081677148 0.00217689817537864 0.00213965405105047 0.0214532430361473 0.00242941416428437;0.00158508047892635 0.00188692820941986 0.00213489343267886 0.00202901413090262 0.00216964277423581 0.00161690595514716 0.00202863338219021 0.00160594094966864 0.00242941416428437 0.0204403818374589]intento: 13 tiempo: 0.029 [0.0228965219115659 0.00197622897899606 0.00269935369764026 0.00244820573018308 0.00254740003877396 0.0022964163866477 0.00276278723808265 0.00250533305991956 0.00276938012465581 0.00278275211117913;0.00197622897899606 0.0235274059408728 0.00308466695046881 0.00238630411596457 0.00249864776780923 0.00206360662752631 0.00209298861978689 0.00222540740589102 0.00311497405322075 0.00282547329810359;0.00269935369764026 0.00308466695046881 0.0237877264091417 0.00242986501373182 0.00229404412229867 0.00280928474166117 0.00225164828481313 0.00259386714833451 0.00215579431446046 0.0033168758601415;0.00244820573018308 0.00238630411596457 0.00242986501373182 0.0232212388466864 0.00277094647874495 0.00268006904574858 0.00223416434033849 0.00221103648227019 0.00339916003753641 0.00255287257282097;0.00254740003877396 0.00249864776780923 0.00229404412229867 0.00277094647874495 0.022821475207116 0.00277106835322981 0.00231435538612696 0.0028622477882976 0.00251890055458568 0.00246933851639148;0.0022964163866477 0.00206360662752631 0.00280928474166117 0.00268006904574858 0.00277106835322981 0.0238776332513228 0.0025144039970524 0.00272787402761767 0.00336646551813051 0.00295498668276395;0.00276278723808265 0.00209298861978689 0.00225164828481313 0.00223416434033849 0.00231435538612696 0.0025144039970524 0.0228506443951472 0.00201921822729953 0.00251713220022185 0.00297244094971537;0.00250533305991956 0.00222540740589102 0.00259386714833451 0.00221103648227019 0.0028622477882976 0.00272787402761767 0.00201921822729953 0.02272099616569 0.00236172635506036 0.00218635894446888;0.00276938012465581 0.00311497405322075 0.00215579431446046 0.00339916003753641 0.00251890055458568 0.00336646551813051 0.00251713220022185 0.00236172635506036 0.0245933604453389 0.00302079635543928;0.00278275211117913 0.00282547329810359 0.0033168758601415 0.00255287257282097 0.00246933851639148 0.00295498668276395 0.00297244094971537 0.00218635894446888 0.00302079635543928 0.0237228315481073]intento: 14 tiempo: 0.032 [0.0210765700370889 0.00164985059321802 0.00197996416850432 0.00157080072414103 0.00216523161524874 0.00165471882383106 0.00219353448680029 0.00243427311481326 0.00190432389105353 0.00206145618185284;0.00164985059321802 0.0209032654417049 0.00171743765322198 0.00137315478258759 0.00203242906460294 0.00156923320957217 0.0021131279264692 0.00151427767574448 0.00219458053025336 0.0021781659685407;0.00197996416850432 0.00171743765322198 0.020793650850921 0.00146306753191915 0.00198153837220289 0.00205519483956841 0.00143378612878241 0.00207839292136591 0.00165570084978619 0.00167526516967431;0.00157080072414103 0.00137315478258759 0.00146306753191915 0.0205884102330869 0.0020751566309757 0.00141906652782613 0.00142233427370638 0.00175076291615248 0.00176293640212807 0.00171046295260907;0.00216523161524874 0.00203242906460294 0.00198153837220289 0.0020751566309757 0.0211978166939097 0.00193655497949521 0.00174308241931253 0.00202992219633345 0.00194737957154587 0.00233476657126513;0.00165471882383106 0.00156923320957217 0.00205519483956841 0.00141906652782613 0.00193655497949521 0.0206380478591324 0.0020893794543821 0.00186520670461453 0.00166117816641358 0.0016734971482321;0.00219353448680029 0.0021131279264692 0.00143378612878241 0.00142233427370638 0.00174308241931253 0.0020893794543821 0.0200486276286458 0.00209494152141749 0.00184914921615932 0.00198335403431279;0.00243427311481326 0.00151427767574448 0.00207839292136591 0.00175076291615248 0.00202992219633345 0.00186520670461453 0.00209494152141749 0.0210508904843952 0.00178453201045232 0.00207002344919221;0.00190432389105353 0.00219458053025336 0.00165570084978619 0.00176293640212807 0.00194737957154587 0.00166117816641358 0.00184914921615932 0.00178453201045232 0.0207704552605388 0.00209044929903195;0.00206145618185284 0.0021781659685407 0.00167526516967431 0.00171046295260907 0.00233476657126513 0.0016734971482321 0.00198335403431279 0.00207002344919221 0.00209044929903195 0.0204831465708265]intento: 15 tiempo: 0.028 [0.0204589505548431 0.00164736331986337 0.00207639390476215 0.0016289511062185 0.00164065381464644 0.00216179963436411 0.00141439313989435 0.00203208802456575 0.00222940651957463 0.00173992509871005;0.00164736331986337 0.0202590583815158 0.00157962523499634 0.00210391500893604 0.00197702423801472 0.00231460829123177 0.00204769150359173 0.00186013023386436 0.00205341076058274 0.00145529064247487;0.00207639390476215 0.00157962523499634 0.0200049532006277 0.00211726708319759 0.00194939785229453 0.00208503502718554 0.00158838099344127 0.00122983198490591 0.00236548550284017 0.00150540774887586;0.0016289511062185 0.00210391500893604 0.00211726708319759 0.0207709773180587 0.00220060316219785 0.00202520395334022 0.00189555968528799 0.00160290958475235 0.00239657451044862 0.00199712745469211;0.00164065381464644 0.00197702423801472 0.00194939785229453 0.00220060316219785 0.0207254043223612 0.00244321943269978 0.0016635934062198 0.00146350866185804 0.00212983395929228 0.00189012592049862;0.00216179963436411 0.00231460829123177 0.00208503502718554 0.00202520395334022 0.00244321943269978 0.0212361566119763 0.00283099741408018 0.00188437297951324 0.0030933576512445 0.00151464853136088;0.00141439313989435 0.00204769150359173 0.00158838099344127 0.00189555968528799 0.0016635934062198 0.00283099741408018 0.0205889314036976 0.00158330217680816 0.00233801221628875 0.00161399730314881;0.00203208802456575 0.00186013023386436 0.00122983198490591 0.00160290958475235 0.00146350866185804 0.00188437297951324 0.00158330217680816 0.0203793024868595 0.00190281804804063 0.00146167286827809;0.00222940651957463 0.00205341076058274 0.00236548550284017 0.00239657451044862 0.00212983395929228 0.0030933576512445 0.00233801221628875 0.00190281804804063 0.021484536716674 0.00216466531623978;0.00173992509871005 0.00145529064247487 0.00150540774887586 0.00199712745469211 0.00189012592049862 0.00151464853136088 0.00161399730314881 0.00146167286827809 0.00216466531623978 0.0200849769650452]intento: 16 tiempo: 0.03 [0.024546008975923 0.00240992507364838 0.00266468042605682 0.00317930843971958 0.00351441939788425 0.00303029420018244 0.00377684843123942 0.0032140728871881 0.00250507410266929 0.00295534985325415;0.00240992507364838 0.0237860254262152 0.00239197694099628 0.00195483955948305 0.0033282613782264 0.00239035266579185 0.00253927954313674 0.00278057291483715 0.00254329369807651 0.00243263278148211;0.00266468042605682 0.00239197694099628 0.0234839870277182 0.00270099820672858 0.00242000003032102 0.00250000105412421 0.00305748675351552 0.00249873505975782 0.00248895511834197 0.0028988630674278;0.00317930843971958 0.00195483955948305 0.00270099820672858 0.0228011754528732 0.00285532389671954 0.00261122902412947 0.00286829855739818 0.00289895488636764 0.00227706736825046 0.00215129372795902;0.00351441939788425 0.0033282613782264 0.00242000003032102 0.00285532389671954 0.025049834039662 0.00244158431404404 0.0032749489000301 0.00368800718148155 0.0033464327531441 0.00261221087634583;0.00303029420018244 0.00239035266579185 0.00250000105412421 0.00261122902412947 0.00244158431404404 0.0236381031737135 0.00302868153932742 0.00300107990607644 0.00247504566532759 0.00316456782051908;0.00377684843123942 0.00253927954313674 0.00305748675351552 0.00286829855739818 0.0032749489000301 0.00302868153932742 0.0234746892959488 0.00342662271903335 0.0024135568382102 0.00264453147791115;0.0032140728871881 0.00278057291483715 0.00249873505975782 0.00289895488636764 0.00368800718148155 0.00300107990607644 0.00342662271903335 0.0234495758573991 0.00280786470493801 0.00378003056908316;0.00250507410266929 0.00254329369807651 0.00248895511834197 0.00227706736825046 0.0033464327531441 0.00247504566532759 0.0024135568382102 0.00280786470493801 0.0237041978063241 0.00275387634255284;0.00295534985325415 0.00243263278148211 0.0028988630674278 0.00215129372795902 0.00261221087634583 0.00316456782051908 0.00264453147791115 0.00378003056908316 0.00275387634255284 0.0231655968166224]intento: 17 tiempo: 0.028 [0.0236881630052731 0.00269261652318322 0.00259100094333367 0.00245714811588156 0.0022864477459807 0.00243227962549498 0.0025845761093011 0.00254289923260942 0.00197246896829569 0.00267432994211041;0.00269261652318322 0.0239511660997013 0.00212810269509738 0.00239877568034793 0.00192654085138426 0.0021966223492435 0.00287145510323877 0.00233808331694274 0.00173398998140634 0.00275910512794817;0.00259100094333367 0.00212810269509738 0.0234263608856627 0.0023398481868364 0.00231169057976598 0.0021872343273816 0.00257457480595749 0.00234915002295001 0.0021052680117301 0.00309014479074481;0.00245714811588156 0.00239877568034793 0.0023398481868364 0.0232873463154343 0.00266726787983633 0.00288724751969271 0.00276684680107393 0.00226994245223333 0.00273254079948589 0.00245962545236418;0.0022864477459807 0.00192654085138426 0.00231169057976598 0.00266726787983633 0.0243484012740214 0.00282353162506111 0.00301790414048896 0.00279500494223889 0.0027270433873969 0.00280748381169627;0.00243227962549498 0.0021966223492435 0.0021872343273816 0.00288724751969271 0.00282353162506111 0.024066614862685 0.00281685695901727 0.00285949774756539 0.00221155272088053 0.00258466884200756;0.0025845761093011 0.00287145510323877 0.00257457480595749 0.00276684680107393 0.00301790414048896 0.00281685695901727 0.0241453224366068 0.00319400634735084 0.00261093132673157 0.00257194565078716;0.00254289923260942 0.00233808331694274 0.00234915002295001 0.00226994245223333 0.00279500494223889 0.00285949774756539 0.00319400634735084 0.0237374105853223 0.00223975545897185 0.00273312828139665;0.00197246896829569 0.00173398998140634 0.0021052680117301 0.00273254079948589 0.0027270433873969 0.00221155272088053 0.00261093132673157 0.00223975545897185 0.0230450508142725 0.00265099393330221;0.00267432994211041 0.00275910512794817 0.00309014479074481 0.00245962545236418 0.00280748381169627 0.00258466884200756 0.00257194565078716 0.00273312828139665 0.00265099393330221 0.0239460559924088]intento: 18 tiempo: 0.027 [0.0230876859996656 0.00268291130542002 0.00210974044162481 0.00281158819035109 0.00253036844580078 0.00310536590376391 0.00265262928167787 0.00248199371940006 0.00284419000656675 0.00262475428457514;0.00268291130542002 0.0224616963664568 0.00223237446145606 0.00238939844513272 0.00212058246600142 0.0028024272659528 0.00199066936623595 0.00227967845333629 0.00245004722124723 0.00252133780422811;0.00210974044162481 0.00223237446145606 0.0235060381741528 0.00260389508889495 0.00290676224912818 0.00292131037999663 0.0019061683706356 0.00227165302788335 0.00243826235988987 0.00285974776187957;0.00281158819035109 0.00238939844513272 0.00260389508889495 0.0239142851062806 0.002436877176551 0.0028536143822261 0.00243653285033959 0.00280873942899461 0.00299780521221744 0.00265859353673559;0.00253036844580078 0.00212058246600142 0.00290676224912818 0.002436877176551 0.0229828814052143 0.00268854245377167 0.00245938464423753 0.00235951656262142 0.00221139185366359 0.00215177612075748;0.00310536590376391 0.0028024272659528 0.00292131037999663 0.0028536143822261 0.00268854245377167 0.0233378133976652 0.00239217440468584 0.00275800842074258 0.00274092188643907 0.00295628617256012;0.00265262928167787 0.00199066936623595 0.0019061683706356 0.00243653285033959 0.00245938464423753 0.00239217440468584 0.0222920855794304 0.0024916489936354 0.0024487269390914 0.00311938615939206;0.00248199371940006 0.00227967845333629 0.00227165302788335 0.00280873942899461 0.00235951656262142 0.00275800842074258 0.0024916489936354 0.0239609545139006 0.00285935515690038 0.0030276895015203;0.00284419000656675 0.00245004722124723 0.00243826235988987 0.00299780521221744 0.00221139185366359 0.00274092188643907 0.0024487269390914 0.00285935515690038 0.0243870840991888 0.00307608796332284;0.00262475428457514 0.00252133780422811 0.00285974776187957 0.00265859353673559 0.00215177612075748 0.00295628617256012 0.00311938615939206 0.0030276895015203 0.00307608796332284 0.0238888478863033]intento: 19 tiempo: 0.031 [0.0201011091074731 0.00156546118873757 0.0020728143829867 0.00171100276073114 0.00177212630639204 0.0020764513370924 0.00124689493343997 0.00197786271290612 0.00192621121476615 0.00188437485578121;0.00156546118873757 0.0202347433137304 0.00201878930744364 0.00142776645971957 0.00141780792190189 0.00169561584574803 0.00184972259316839 0.00135696359481494 0.00155636663927179 0.00142326523917516;0.0020728143829867 0.00201878930744364 0.0208337401992881 0.00188706559867952 0.00146827571777886 0.0019193180230003 0.00111588229342906 0.00188924747514882 0.00210278294061263 0.00207665736575335;0.00171100276073114 0.00142776645971957 0.00188706559867952 0.0198085746043563 0.00151685629299917 0.00158392191954269 0.00110164622950857 0.00164676252459644 0.00212122174154752 0.00132464603621905;0.00177212630639204 0.00141780792190189 0.00146827571777886 0.00151685629299917 0.0201134114798449 0.00152826147358197 0.00143502847558064 0.001942005846543 0.0014648696235271 0.00161376260092299;0.0020764513370924 0.00169561584574803 0.0019193180230003 0.00158392191954269 0.00152826147358197 0.0214583009137448 0.00166910292420283 0.00224820322594311 0.00193661382590317 0.00157301595921916;0.00124689493343997 0.00184972259316839 0.00111588229342906 0.00110164622950857 0.00143502847558064 0.00166910292420283 0.0210551786437384 0.00146235294986708 0.00127994566337262 0.00201541057851976;0.00197786271290612 0.00135696359481494 0.00188924747514882 0.00164676252459644 0.001942005846543 0.00224820322594311 0.00146235294986708 0.021004472825572 0.00133925925141091 0.00183201389422538;0.00192621121476615 0.00155636663927179 0.00210278294061263 0.00212122174154752 0.0014648696235271 0.00193661382590317 0.00127994566337262 0.00133925925141091 0.0197638688026147 0.00152618897569955;0.00188437485578121 0.00142326523917516 0.00207665736575335 0.00132464603621905 0.00161376260092299 0.00157301595921916 0.00201541057851976 0.00183201389422538 0.00152618897569955 0.0209849362318809]intento: 20 tiempo: 0.026 [0.0206049421025718 0.00223952608469372 0.00181734075567945 0.00138539458658004 0.00153948559020855 0.00143296866865835 0.0022793315339916 0.00157813168476194 0.00197651934909445 0.00156867043765168;0.00223952608469372 0.0206079736199295 0.001958480863753 0.0019862900027811 0.00226234748871242 0.00179108090884014 0.00192493955409342 0.00148393138568596 0.00150654570221601 0.00171837628742078;0.00181734075567945 0.001958480863753 0.0207448167105741 0.00191720552562036 0.00230843183883846 0.00157499742687733 0.00183960087578027 0.00133056109318447 0.00192138169364957 0.00190699822018578;0.00138539458658004 0.0019862900027811 0.00191720552562036 0.0208436323360376 0.00150713596092642 0.00178172166850406 0.00193017378542585 0.00133082083426938 0.001805068168124 0.00133735324968263;0.00153948559020855 0.00226234748871242 0.00230843183883846 0.00150713596092642 0.0201074239131372 0.00176671107177351 0.0023116643346214 0.0015938263109071 0.0023331833100486 0.00215295511650834;0.00143296866865835 0.00179108090884014 0.00157499742687733 0.00178172166850406 0.00176671107177351 0.0204583273803387 0.00130242481562991 0.00176866174991274 0.0020603124070985 0.00193852217747385;0.0022793315339916 0.00192493955409342 0.00183960087578027 0.00193017378542585 0.0023116643346214 0.00130242481562991 0.0210110494003276 0.00160943888547062 0.00212486900923551 0.00193438135458315;0.00157813168476194 0.00148393138568596 0.00133056109318447 0.00133082083426938 0.0015938263109071 0.00176866174991274 0.00160943888547062 0.020177930794066 0.00227630959652652 0.00155284936863975;0.00197651934909445 0.00150654570221601 0.00192138169364957 0.001805068168124 0.0023331833100486 0.0020603124070985 0.00212486900923551 0.00227630959652652 0.0207200195049537 0.00193359493518659;0.00156867043765168 0.00171837628742078 0.00190699822018578 0.00133735324968263 0.00