intento: 292 tiempo: 0.012 [0.723569207051541 0.409411039359168 0.763632833831643;0.409411039359168 0.491866852193065 0.642395231422912;0.763632833831643 0.642395231422912 1.47434195090202]intento: 1053 tiempo: 0.012 [0.9731430619194 0.986782502983365 0.875858896304033;0.986782502983365 1.29379526706887 1.04211910462346;0.875858896304033 1.04211910462346 1.28898437955311]intento: 1071 tiempo: 0.012 [0.465452504000087 0.247937109827919 0.354467398763464;0.247937109827919 0.371885563555412 0.287559774388788;0.354467398763464 0.287559774388788 0.621453519965527]intento: 1127 tiempo: 0.012 [0.346630027105804 0.16305822854206 0.189439018789085;0.16305822854206 0.454560172471889 0.394528047722535;0.189439018789085 0.394528047722535 0.63320097042437]intento: 1401 tiempo: 0.01 [0.511816895678619 0.654399121104586 0.350828074391894;0.654399121104586 1.55562581400928 0.688433141570728;0.350828074391894 0.688433141570728 0.51791801155625]intento: 2499 tiempo: 0.01 [0.747930338699268 0.443839284665384 0.409502898759904;0.443839284665384 0.488832245276102 0.329374234723362;0.409502898759904 0.329374234723362 0.4762166004126]intento: 3484 tiempo: 0.01 [1.36706852183612 0.635555353584937 0.579301872461074;0.635555353584937 0.518987472613892 0.341307080926523;0.579301872461074 0.341307080926523 0.464456285661509]intento: 3518 tiempo: 0.011 [0.553353818737977 0.206297856849353 0.393495411118492;0.206297856849353 0.349638357212551 0.205452006054608;0.393495411118492 0.205452006054608 0.565443166452445]intento: 3861 tiempo: 0.012 [0.418998648460652 0.390751644769195 0.229906091823625;0.390751644769195 0.780913120921085 0.346261450618417;0.229906091823625 0.346261450618417 0.457865524712377]intento: 4758 tiempo: 0.01 [0.618217904059877 0.499557924995776 0.306545439967089;0.499557924995776 0.907516652939382 0.326234328059758;0.306545439967089 0.326234328059758 0.371298667842345]intento: 4799 tiempo: 0.011 [0.399936704520548 0.184026093849742 0.26464578106964;0.184026093849742 0.273920541162938 0.197489635453669;0.26464578106964 0.197489635453669 0.46922410240136]intento: 4884 tiempo: 0.01 [0.538791351098159 0.37882920923621 0.42594538100232;0.37882920923621 0.51523083873741 0.42948101255374;0.42594538100232 0.42948101255374 0.655319978010941]intento: 5099 tiempo: 0.01 [0.881024838216935 0.330355786579864 0.491395990454463;0.330355786579864 0.401861082930562 0.227415001668875;0.491395990454463 0.227415001668875 0.466753536519695]intento: 5735 tiempo: 0.01 [0.594781831255078 0.456171398964794 0.725640348003065;0.456171398964794 0.675224488726384 0.830774322954851;0.725640348003065 0.830774322954851 1.56009928406136]intento: 5778 tiempo: 0.011 [0.803118998602996 0.637510247703893 0.492632715885782;0.637510247703893 0.942749561218013 0.480502366728405;0.492632715885782 0.480502366728405 0.547595529775142]intento: 7514 tiempo: 0.011 [0.352890195194622 0.17741639885311 0.384229897397088;0.17741639885311 0.418278392962372 0.434150091823208;0.384229897397088 0.434150091823208 1.26791116862716]intento: 7954 tiempo: 0.012 [0.443462170281022 0.180968265343358 0.399871116120399;0.180968265343358 0.336088733668163 0.295181242234502;0.399871116120399 0.295181242234502 0.820668847769797]intento: 8480 tiempo: 0.011 [0.857548345889164 0.333703213790709 0.583673404060073;0.333703213790709 0.314677106763186 0.295378076322573;0.583673404060073 0.295378076322573 0.725327951809424]intento: 9158 tiempo: 0.01 [0.422995108841315 0.27498899872702 0.222230755959487;0.27498899872702 0.551145939704522 0.313441839010014;0.222230755959487 0.313441839010014 0.462990808662879]intento: 9464 tiempo: 0.011 [0.988968056202179 0.616721541768994 0.575245281839477;0.616721541768994 0.704209653599114 0.373617996130522;0.575245281839477 0.373617996130522 0.564205844524121]intento: 9787 tiempo: 0.013 [0.565012013698917 0.412105023233431 0.333739658671746;0.412105023233431 0.858585207158863 0.423536443769665;0.333739658671746 0.423536443769665 0.453961268536785]intento: 11504 tiempo: 0.013 [0.628254289668899 0.582925668197846 0.539941215727866;0.582925668197846 1.01700989582226 0.758227141369974;0.539941215727866 0.758227141369974 0.841969674219426]intento: 12131 tiempo: 0.012 [1.51374733709777 0.897082272026332 0.516970757090135;0.897082272026332 0.821851179080258 0.359937233583678;0.516970757090135 0.359937233583678 0.359859663577802]intento: 12651 tiempo: 0.012 [1.33051521736133 0.604583827151213 0.380568224014559;0.604583827151213 0.545789723603311 0.27856348168765;0.380568224014559 0.27856348168765 0.376194665702533]intento: 12722 tiempo: 0.01 [0.499955484286523 0.282076925850644 0.156538064466799;0.282076925850644 0.410892138615229 0.112930160634031;0.156538064466799 0.112930160634031 0.250101887891598]intento: 12787 tiempo: 0.012 [0.427185566022037 0.38412389829816 0.448720610896007;0.38412389829816 0.724998001318775 0.710114614773454;0.448720610896007 0.710114614773454 1.0384393964251]intento: 13640 tiempo: 0.012 [0.553809058703937 0.345747288188063 0.280487302785097;0.345747288188063 0.480892446319365 0.264015366953657;0.280487302785097 0.264015366953657 0.372950513219633]intento: 13796 tiempo: 0.013 [0.994487548065455 0.480009619703468 0.665518697523235;0.480009619703468 0.414546925084864 0.372154888609102;0.665518697523235 0.372154888609102 0.743437940077479]intento: 13884 tiempo: 0.01 [0.659231440878286 0.599362899799732 0.343375313532695;0.599362899799732 0.819615202212862 0.366064667918517;0.343375313532695 0.366064667918517 0.409605246563539]intento: 14336 tiempo: 0.015 [0.606797521560361 0.360666592395637 0.413890593130049;0.360666592395637 0.544059612456533 0.391199142098993;0.413890593130049 0.391199142098993 0.625199871919648]intento: 14418 tiempo: 0.013 [0.513358350068637 0.19910934110089 0.299627673414318;0.19910934110089 0.351600161333026 0.273982064579099;0.299627673414318 0.273982064579099 0.576888197064853]intento: 16111 tiempo: 0.01 [0.323184534169461 0.319178405901706 0.111294626357529;0.319178405901706 0.860887122387257 0.253858329919961;0.111294626357529 0.253858329919961 0.338979833005956]intento: 16189 tiempo: 0.012 [0.550575629433941 0.339445308880246 0.291003265996717;0.339445308880246 0.588427919097235 0.293226945971159;0.291003265996717 0.293226945971159 0.370544598962583]intento: 16758 tiempo: 0.01 [0.335924150312496 0.126115579705012 0.207530534537166;0.126115579705012 0.298821059292843 0.116035064796792;0.207530534537166 0.116035064796792 0.549453410016126]intento: 17559 tiempo: 0.011 [0.387135329002875 0.189133069461565 0.291900905203432;0.189133069461565 0.315365134429132 0.244640323390755;0.291900905203432 0.244640323390755 0.56295143757135]intento: 17673 tiempo: 0.013 [0.556978254799309 0.314779715300677 0.403651312079529;0.314779715300677 0.437333959998278 0.349968468933454;0.403651312079529 0.349968468933454 0.674822113177925]intento: 17697 tiempo: 0.013 [0.58728586989988 0.235150626666298 0.541938606726739;0.235150626666298 0.329267189859461 0.267416354289538;0.541938606726739 0.267416354289538 0.881810652724479]intento: 17717 tiempo: 0.01 [1.46241434964011 0.509708983115715 0.47089095240146;0.509708983115715 0.356624812447762 0.172163003886032;0.47089095240146 0.172163003886032 0.303833404170244]intento: 17858 tiempo: 0.01 [0.578816549455211 0.497004188542061 0.358730841362298;0.497004188542061 0.779751795886881 0.441847243183042;0.358730841362298 0.441847243183042 0.497844900743024]intento: 18071 tiempo: 0.011 [0.458880309574853 0.201542356663918 0.153101917654387;0.201542356663918 0.337605224536111 0.177337150301343;0.153101917654387 0.177337150301343 0.302608703983784]intento: 19006 tiempo: 0.011 [0.531798818428012 0.64378240946937 0.480304019708801;0.64378240946937 1.28187749822725 0.806837134390116;0.480304019708801 0.806837134390116 0.741661655878892]intento: 19423 tiempo: 0.01 [0.325004488726044 0.18103685069022 0.182570712626327;0.18103685069022 0.409215532809318 0.216248745091369;0.182570712626327 0.216248745091369 0.436324550214883]intento: 20263 tiempo: 0.015 [0.863287793285788 0.184111541079045 0.407184569291369;0.184111541079045 0.378002860036764 0.160748124722331;0.407184569291369 0.160748124722331 0.444318019021614]intento: 22398 tiempo: 0.009 [0.650424837692745 0.323370461869484 0.415988604394634;0.323370461869484 0.417510929936048 0.273404458934898;0.415988604394634 0.273404458934898 0.566113256857104]intento: 23336 tiempo: 0.01 [0.372146934334626 0.17885484408852 0.211866130856323;0.17885484408852 0.36490748853792 0.222619930814389;0.211866130856323 0.222619930814389 0.399691125328886]intento: 23471 tiempo: 0.01 [0.529686728526963 0.275340825972462 0.668025645683982;0.275340825972462 0.447762576368497 0.510254723466413;0.668025645683982 0.510254723466413 1.48147838894777]intento: 24136 tiempo: 0.011 [0.393456817387323 0.203591193178078 0.174459273968641;0.203591193178078 0.358005487823872 0.188866984619092;0.174459273968641 0.188866984619092 0.343156757720822]intento: 24440 tiempo: 0.011 [0.85037132419002 0.665479850196439 0.30332167020373;0.665479850196439 0.748780447945151 0.278463441549464;0.30332167020373 0.278463441549464 0.323591689324009]intento: 24492 tiempo: 0.01 [0.50656651696061 0.299178293205416 0.26930586875555;0.299178293205416 0.451018819803648 0.191808191756577;0.26930586875555 0.191808191756577 0.430988065764007]intento: 25415 tiempo: 0.012 [0.605416564162611 0.252834337433623 0.482128693300613;0.252834337433623 0.309127269540641 0.272329278591086;0.482128693300613 0.272329278591086 0.823120458023055]intento: 26022 tiempo: 0.011 [0.967213530570497 0.533280087655048 0.652193019414805;0.533280087655048 0.603987215841019 0.485254218853911;0.652193019414805 0.485254218853911 0.710666950319933]intento: 26789 tiempo: 0.011 [0.435075273065339 0.354550839331701 0.316226421454896;0.354550839331701 0.668019451323727 0.427411796167612;0.316226421454896 0.427411796167612 0.550163750860123]intento: 27034 tiempo: 0.011 [0.582944562177852 0.259409409557378 0.317278445232692;0.259409409557378 0.314592543402124 0.191662434009258;0.317278445232692 0.191662434009258 0.461925835048196]intento: 27185 tiempo: 0.01 [0.614903556894355 0.504350391633396 0.493765683610919;0.504350391633396 0.763316072034361 0.64197208093885;0.493765683610919 0.64197208093885 0.852032407663716]intento: 27364 tiempo: 0.012 [1.00875935790835 0.721959420748212 0.403418779787628;0.721959420748212 0.889688267917754 0.28966554155316;0.403418779787628 0.28966554155316 0.329711955764496]intento: 27979 tiempo: 0.012 [0.68251008463519 0.33360768773519 0.636085103953745;0.33360768773519 0.368334958405764 0.41545048076655;0.636085103953745 0.41545048076655 0.896837723301308]intento: 28051 tiempo: 0.01 [0.523417824878887 0.553476811265621 0.3266412338577;0.553476811265621 0.971781134129086 0.454941282899896;0.3266412338577 0.454941282899896 0.415637679717134]intento: 28333 tiempo: 0.01 [0.34874534415607 0.361293892480646 0.208405718474672;0.361293892480646 0.856384056589798 0.308902915068572;0.208405718474672 0.308902915068572 0.393160983642195]intento: 29480 tiempo: 0.011 [0.342889304243443 0.199076715107541 0.187962357620575;0.199076715107541 0.419030805216452 0.215033956205462;0.187962357620575 0.215033956205462 0.331094213994512]intento: 29763 tiempo: 0.013 [0.73325727536844 0.268564706336882 0.398137697144579;0.268564706336882 0.323519888262702 0.20213415094661;0.398137697144579 0.20213415094661 0.590127022652106]intento: 31360 tiempo: 0.011 [0.360337453216342 0.414856721982485 0.401645376992822;0.414856721982485 1.01320333702017 0.819681489180243;0.401645376992822 0.819681489180243 0.931538087034234]intento: 31947 tiempo: 0.011 [0.578491618189845 0.283821261521199 0.205984240569457;0.283821261521199 0.397987190492368 0.195896491896522;0.205984240569457 0.195896491896522 0.361543484482793]intento: 32133 tiempo: 0.01 [0.465242427171146 0.311213322771579 0.368900526633478;0.311213322771579 0.506084243751629 0.438565547073652;0.368900526633478 0.438565547073652 0.731159744057351]intento: 32831 tiempo: 0.01 [0.422534368314056 0.228971272750693 0.251283987638346;0.228971272750693 0.446899810654997 0.271106275411788;0.251283987638346 0.271106275411788 0.432298056174102]intento: 36120 tiempo: 0.012 [0.409014939444324 0.264733129046829 0.148035534488706;0.264733129046829 0.547171003207448 0.147256147220525;0.148035534488706 0.147256147220525 0.244328191679533]intento: 36797 tiempo: 0.01 [0.891890656151249 0.690328457722564 0.37386773319131;0.690328457722564 0.809111029673714 0.332544017944134;0.37386773319131 0.332544017944134 0.425591342241385]intento: 37171 tiempo: 0.012 [0.68855815152952 0.250587684507381 0.226584601719807;0.250587684507381 0.29159502166787 0.11151255525346;0.226584601719807 0.11151255525346 0.323297492436416]intento: 38878 tiempo: 0.01 [0.267529592757863 0.200506488465067 0.19913510202053;0.200506488465067 0.527509609555887 0.379441424905767;0.19913510202053 0.379441424905767 0.545378694949774]intento: 38963 tiempo: 0.013 [0.650931128468692 0.48579959364542 0.360925275034825;0.48579959364542 0.67008507064757 0.386777563515119;0.360925275034825 0.386777563515119 0.47692078676455]intento: 39273 tiempo: 0.011 [0.790405159380201 0.340245817469935 0.644439815211755;0.340245817469935 0.425273072491665 0.338744010133424;0.644439815211755 0.338744010133424 0.846577086111019]intento: 39532 tiempo: 0.01 [0.998294990531503 0.864584333657736 0.70481994332186;0.864584333657736 1.10737172424822 0.7913320688919;0.70481994332186 0.7913320688919 0.794867993055744]intento: 39745 tiempo: 0.013 [0.238831011690505 0.283337772451469 0.225652309862512;0.283337772451469 1.24407764574215 0.559976872846183;0.225652309862512 0.559976872846183 0.612832201812873]intento: 40370 tiempo: 0.01 [0.568234716409281 0.226384747363607 0.312546012367007;0.226384747363607 0.371305284562435 0.2002149588018;0.312546012367007 0.2002149588018 0.428038319843843]intento: 41081 tiempo: 0.011 [1.16468741882931 0.685131577621026 0.459630166913802;0.685131577621026 0.738064245820132 0.347885466579075;0.459630166913802 0.347885466579075 0.389273115941805]intento: 43238 tiempo: 0.009 [0.664609517410222 0.604388797863541 0.313178327206296;0.604388797863541 0.942609783254691 0.311697837560763;0.313178327206296 0.311697837560763 0.346628087749439]intento: 43474 tiempo: 0.013 [0.3554122510941 0.307696380252509 0.330657846298988;0.307696380252509 0.780985162614834 0.649033652108662;0.330657846298988 0.649033652108662 0.888542112713013]intento: 43957 tiempo: 0.011 [0.441975731905979 0.324403939854661 0.255033141916354;0.324403939854661 0.499123577747085 0.277832982074982;0.255033141916354 0.277832982074982 0.402495257990609]intento: 44444 tiempo: 0.011 [0.281732588706971 0.200077944784751 0.162027222494313;0.200077944784751 0.465142565922682 0.269094424829113;0.162027222494313 0.269094424829113 0.407916106303405]intento: 44818 tiempo: 0.014 [0.574350516610031 0.369919889801323 0.0803601480328563;0.369919889801323 0.519528110780248 0.159783905175291;0.0803601480328563 0.159783905175291 0.29787964045398]intento: 45746 tiempo: 0.01 [0.461948137616582 0.223593178238132 0.207879449678602;0.223593178238132 0.35311674145438 0.156966675262422;0.207879449678602 0.156966675262422 0.300804096632979]intento: 45844 tiempo: 0.012 [1.15451833780994 0.681018086114859 1.26396717186747;0.681018086114859 0.630206163422088 0.877610053264493;1.26396717186747 0.877610053264493 1.83459237859607]intento: 45937 tiempo: 0.011 [0.527852796318333 0.296741028558383 0.2585448055697;0.296741028558383 0.468292431124564 0.223332530919967;0.2585448055697 0.223332530919967 0.351426983398456]intento: 46400 tiempo: 0.01 [0.963517234285493 0.425514633600671 0.436463537919094;0.425514633600671 0.41708879384233 0.247123166303807;0.436463537919094 0.247123166303807 0.416265673036987]intento: 46962 tiempo: 0.01 [0.449065924680265 0.435992591163718 0.166950161166445;0.435992591163718 1.05739504143684 0.354710205767759;0.166950161166445 0.354710205767759 0.318497090245203]intento: 47131 tiempo: 0.01 [0.893735381674809 0.526965507894461 0.640077326092053;0.526965507894461 0.560967840285026 0.522794878404479;0.640077326092053 0.522794878404479 0.851664459485631]intento: 47166 tiempo: 0.013 [0.507762262403704 0.239862155270617 0.467592061540452;0.239862155270617 0.434415557224569 0.4273517672185;0.467592061540452 0.4273517672185 0.947884329009574]intento: 47748 tiempo: 0.01 [0.530904528784101 0.207064130897207 0.482100312929622;0.207064130897207 0.29750397282135 0.264242504583423;0.482100312929622 0.264242504583423 0.737564940703276]intento: 48752 tiempo: 0.013 [0.414637671533905 0.413686288663619 0.30493832844952;0.413686288663619 0.790924496214195 0.353339825993541;0.30493832844952 0.353339825993541 0.529599439340049]intento: 50291 tiempo: 0.014 [1.34179611405547 0.899133764287348 0.51568158574936;0.899133764287348 0.850473935864457 0.370713338125443;0.51568158574936 0.370713338125443 0.380247765406413]intento: 50447 tiempo: 0.011 [0.314042788829233 0.260876925554176 0.315693153665964;0.260876925554176 0.555697409802785 0.469180943115288;0.315693153665964 0.469180943115288 0.79900255013741]intento: 52211 tiempo: 0.01 [0.549856882850107 0.437118833181998 0.40077028847026;0.437118833181998 0.693385819927024 0.39836099988057;0.40077028847026 0.39836099988057 0.584226393991691]intento: 52970 tiempo: 0.012 [0.397552240183036 0.268370642471297 0.136372714276675;0.268370642471297 0.505474005083435 0.165785441674398;0.136372714276675 0.165785441674398 0.261303757907707]intento: 53244 tiempo: 0.011 [0.652744545057298 0.51929489118103 0.299183584398708;0.51929489118103 0.691794288011012 0.334066332754146;0.299183584398708 0.334066332754146 0.329109407912533]intento: 53583 tiempo: 0.012 [1.00938466498105 0.452643150793191 0.281241292457651;0.452643150793191 0.483602330616856 0.215097340033308;0.281241292457651 0.215097340033308 0.286336806913361]intento: 54197 tiempo: 0.011 [0.262507919665121 0.103786416476695 0.264003088577334;0.103786416476695 0.252679997482164 0.266974691053163;0.264003088577334 0.266974691053163 0.863804080897189]intento: 54264 tiempo: 0.01 [0.417396352299649 0.227417794938875 0.368529611275461;0.227417794938875 0.470261912460986 0.351146316508986;0.368529611275461 0.351146316508986 0.704779015681258]intento: 54768 tiempo: 0.013 [0.351248111013844 0.256179331394533 0.419858024522841;0.256179331394533 0.557172185064364 0.517625229959497;0.419858024522841 0.517625229959497 1.26354802303104]intento: 55321 tiempo: 0.01 [0.50262451268783 0.166656920040756 0.375073367808709;0.166656920040756 0.320905930323221 0.250927918655453;0.375073367808709 0.250927918655453 0.644831458009751]intento: 56503 tiempo: 0.015 [0.790045116128521 0.551087464963248 0.336566072492556;0.551087464963248 0.679567049820985 0.259019180852412;0.336566072492556 0.259019180852412 0.445359335991284]intento: 57103 tiempo: 0.012 [0.633599265519237 0.447820970380982 0.381478026189838;0.447820970380982 0.565695342768392 0.350700038173991;0.381478026189838 0.350700038173991 0.450024397200994]