intento: 2 tiempo: 0.012 [0.148670289654964 0.0855862682931741 0.0503997084792917;0.0855862682931741 0.185177855921604 0.0802801031052226;0.0503997084792917 0.0802801031052226 0.163498051024301]intento: 4 tiempo: 0.012 [0.0978558663871215 0.0318884525596986 0.0305398042441271;0.0318884525596986 0.0958953364239746 0.0314312639939941;0.0305398042441271 0.0314312639939941 0.102875218431523]intento: 6 tiempo: 0.012 [0.164832876314168 0.0572615803312658 0.0578751740934419;0.0572615803312658 0.12657617602781 0.0526283682000397;0.0578751740934419 0.0526283682000397 0.13712534835046]intento: 8 tiempo: 0.011 [0.167622981573371 0.0655255326810185 0.0711786326894337;0.0655255326810185 0.133783172447205 0.0589477399459405;0.0711786326894337 0.0589477399459405 0.16491377031754]intento: 10 tiempo: 0.011 [0.13795663632204 0.0772973765937422 0.0376506022029233;0.0772973765937422 0.164891781537624 0.0415262957193577;0.0376506022029233 0.0415262957193577 0.109149867183928]intento: 12 tiempo: 0.011 [0.126843380457508 0.0551554249899365 0.0453676368587789;0.0551554249899365 0.134469378135273 0.0598498079239534;0.0453676368587789 0.0598498079239534 0.110680750665759]intento: 14 tiempo: 0.01 [0.124733885840415 0.0347287026775061 0.0480346941223576;0.0347287026775061 0.124173530769995 0.0613829864144968;0.0480346941223576 0.0613829864144968 0.13616390308586]intento: 16 tiempo: 0.011 [0.134551132438906 0.0287556494269704 0.073439482363337;0.0287556494269704 0.105702476727332 0.0302907174199136;0.073439482363337 0.0302907174199136 0.145969945405984]intento: 18 tiempo: 0.011 [0.11030957537306 0.0427485973929074 0.0358040762057702;0.0427485973929074 0.17849398623339 0.0865790895393033;0.0358040762057702 0.0865790895393033 0.167289424189406]intento: 20 tiempo: 0.011 [0.200357275817669 0.0978494096094171 0.0883180225367657;0.0978494096094171 0.210407008930785 0.114366855697761;0.0883180225367657 0.114366855697761 0.25023151587915]intento: 22 tiempo: 0.011 [0.188218849225732 0.0739877034785542 0.0674933279572132;0.0739877034785542 0.155339221051411 0.0632453793243417;0.0674933279572132 0.0632453793243417 0.146189930236534]intento: 24 tiempo: 0.011 [0.181888050445619 0.0584874139535191 0.0883855129534441;0.0584874139535191 0.143555536607549 0.0560055899536978;0.0883855129534441 0.0560055899536978 0.152164938832167]intento: 26 tiempo: 0.011 [0.120556605522321 0.0575149553057761 0.0477280902874032;0.0575149553057761 0.172560424216941 0.0865271065702853;0.0477280902874032 0.0865271065702853 0.162662791940669]intento: 28 tiempo: 0.013 [0.42035554146194 0.22470277267524 0.280936979319287;0.22470277267524 0.415926323797941 0.263706440707994;0.280936979319287 0.263706440707994 0.423644591432131]intento: 30 tiempo: 0.011 [0.169919081643832 0.0805952139881112 0.0755294662990923;0.0805952139881112 0.181471864049812 0.0868920666447336;0.0755294662990923 0.0868920666447336 0.189866211640049]intento: 32 tiempo: 0.011 [0.143096167323694 0.0687826702920347 0.0608925866808658;0.0687826702920347 0.170993705149405 0.0656122605656863;0.0608925866808658 0.0656122605656863 0.151214749248538]intento: 34 tiempo: 0.01 [0.159509224339889 0.0577790644651157 0.0659912436782164;0.0577790644651157 0.112631113498497 0.0439686446571788;0.0659912436782164 0.0439686446571788 0.133038268868951]intento: 36 tiempo: 0.01 [0.14440244515699 0.0749732284507248 0.0643600934965179;0.0749732284507248 0.176386684216561 0.0884524302576649;0.0643600934965179 0.0884524302576649 0.148571706903591]intento: 38 tiempo: 0.011 [0.140107957797837 0.0673451999575468 0.0579162709243652;0.0673451999575468 0.143625461727469 0.0581771668267033;0.0579162709243652 0.0581771668267033 0.141064451991418]intento: 41 tiempo: 0.011 [0.220738494366931 0.131749295368097 0.0974827339806513;0.131749295368097 0.236660742557232 0.104922386179534;0.0974827339806513 0.104922386179534 0.180176324196488]intento: 43 tiempo: 0.011 [0.15041254171848 0.071097789529869 0.0445070470217812;0.071097789529869 0.1386909677237 0.0356179100841735;0.0445070470217812 0.0356179100841735 0.107634946586456]intento: 45 tiempo: 0.01 [0.353572700435369 0.188714995115251 0.231249544417046;0.188714995115251 0.239696555504628 0.15763604501695;0.231249544417046 0.15763604501695 0.343679041500588]intento: 47 tiempo: 0.011 [0.157450745159445 0.062020318230749 0.0610479151694708;0.062020318230749 0.118851206430063 0.055216261197285;0.0610479151694708 0.055216261197285 0.156290510867938]intento: 49 tiempo: 0.011 [0.209546242645952 0.14273138320101 0.122289335136164;0.14273138320101 0.352020377741735 0.196337562602971;0.122289335136164 0.196337562602971 0.273660941038799]intento: 51 tiempo: 0.011 [0.152611494492775 0.072594304650619 0.0511874425245569;0.072594304650619 0.173325050317902 0.083985510617896;0.0511874425245569 0.083985510617896 0.144376074965752]intento: 53 tiempo: 0.011 [0.18737211492572 0.0908845668530669 0.0647454127277042;0.0908845668530669 0.193114022676114 0.0609987551373184;0.0647454127277042 0.0609987551373184 0.132217205126888]intento: 55 tiempo: 0.011 [0.13206309555558 0.0604910330707702 0.056136532399939;0.0604910330707702 0.267143975668649 0.111685415928789;0.056136532399939 0.111685415928789 0.179381056031391]intento: 57 tiempo: 0.01 [0.150528382076589 0.0411043254632564 0.0786669657772854;0.0411043254632564 0.128245005959356 0.0476725008856826;0.0786669657772854 0.0476725008856826 0.161867629316689]intento: 61 tiempo: 0.012 [0.24501991708691 0.198958475216069 0.124745327811272;0.198958475216069 0.358103505041726 0.176175150213514;0.124745327811272 0.176175150213514 0.225896755352229]intento: 63 tiempo: 0.011 [0.134555721829969 0.0454163562168292 0.058328528823933;0.0454163562168292 0.0997822870886215 0.0408789264873103;0.058328528823933 0.0408789264873103 0.130126471951004]intento: 65 tiempo: 0.011 [0.145944569800841 0.0539100573641073 0.0644311884402747;0.0539100573641073 0.129627838327051 0.061175615183804;0.0644311884402747 0.061175615183804 0.156900377337549]intento: 67 tiempo: 0.011 [0.181525876503499 0.0599425312048854 0.0699008288163856;0.0599425312048854 0.156912700460025 0.0715656908728357;0.0699008288163856 0.0715656908728357 0.171093400650995]intento: 69 tiempo: 0.013 [0.169780726673887 0.0754490623524771 0.0731880540160968;0.0754490623524771 0.152995785275499 0.066398441519607;0.0731880540160968 0.066398441519607 0.134870234000336]intento: 71 tiempo: 0.011 [0.116803493672002 0.0558794402589602 0.0347564478885507;0.0558794402589602 0.129467454382449 0.0383614045093928;0.0347564478885507 0.0383614045093928 0.0865235820779993]intento: 73 tiempo: 0.011 [0.194641755549634 0.0728092049212368 0.0945783355566513;0.0728092049212368 0.135967679148677 0.067183261082112;0.0945783355566513 0.067183261082112 0.158781118202526]intento: 75 tiempo: 0.011 [0.210378872523163 0.107745667628177 0.103465280459179;0.107745667628177 0.202522789026577 0.114114441938686;0.103465280459179 0.114114441938686 0.252695837552286]intento: 77 tiempo: 0.011 [0.175355462496748 0.0739479269793021 0.0615425720279927;0.0739479269793021 0.155641957777866 0.0639708947873311;0.0615425720279927 0.0639708947873311 0.118362630672559]intento: 79 tiempo: 0.012 [0.171629419638594 0.0857975426287417 0.0865248067109687;0.0857975426287417 0.291633259034005 0.152862701211024;0.0865248067109687 0.152862701211024 0.248731068708718]intento: 81 tiempo: 0.011 [0.126397326052913 0.0548795488181568 0.0587454402725158;0.0548795488181568 0.144616072601143 0.0628481756730869;0.0587454402725158 0.0628481756730869 0.146168768320592]intento: 83 tiempo: 0.011 [0.109892507911793 0.0350861630164314 0.0437431696230214;0.0350861630164314 0.11695453001833 0.0534433220087557;0.0437431696230214 0.0534433220087557 0.135390372016075]intento: 85 tiempo: 0.011 [0.230670092604039 0.099934654866971 0.1026855910348;0.099934654866971 0.226009027674566 0.119837606712927;0.1026855910348 0.119837606712927 0.20961038286587]intento: 87 tiempo: 0.011 [0.131553276394236 0.0578793725340345 0.0680451100976446;0.0578793725340345 0.173094113943637 0.109582801742797;0.0680451100976446 0.109582801742797 0.217432827245329]intento: 89 tiempo: 0.012 [0.0988044610343256 0.0368268280947371 0.0443679443825363;0.0368268280947371 0.108146906040536 0.0367853272862406;0.0443679443825363 0.0367853272862406 0.102380526115536]intento: 91 tiempo: 0.011 [0.260288932211124 0.140181596063502 0.11331481998388;0.140181596063502 0.255252308825994 0.107109779142599;0.11331481998388 0.107109779142599 0.191027058764295]intento: 93 tiempo: 0.011 [0.183365212518836 0.0879629477351665 0.0679446986785595;0.0879629477351665 0.172375458388448 0.0567938292600956;0.0679446986785595 0.0567938292600956 0.144829114833519]intento: 95 tiempo: 0.01 [0.177391328463029 0.0948660600461211 0.0844239868364716;0.0948660600461211 0.16574556478803 0.0846977446865842;0.0844239868364716 0.0846977446865842 0.166509448914766]intento: 97 tiempo: 0.01 [0.194517404950867 0.077465472082182 0.0855109692608332;0.077465472082182 0.13470413877535 0.0494335603493469;0.0855109692608332 0.0494335603493469 0.160739819094276]intento: 99 tiempo: 0.011 [0.1641538188014 0.0576328733982617 0.0547451036204087;0.0576328733982617 0.138526115757562 0.0697656858255768;0.0547451036204087 0.0697656858255768 0.156125019370308]intento: 101 tiempo: 0.012 [0.264849280126161 0.103657982456582 0.122905709070558;0.103657982456582 0.167653805329299 0.0803730261334571;0.122905709070558 0.0803730261334571 0.183684349441886]intento: 103 tiempo: 0.011 [0.122986572631368 0.0405018543936679 0.042323263542467;0.0405018543936679 0.0982555247857846 0.0346305976570739;0.042323263542467 0.0346305976570739 0.117993230747903]intento: 105 tiempo: 0.011 [0.155784858515264 0.0764413461659421 0.0976207403865684;0.0764413461659421 0.157308227786042 0.0913992959149755;0.0976207403865684 0.0913992959149755 0.185761380989152]intento: 107 tiempo: 0.011 [0.106794311120487 0.0326313049427691 0.0401399732529862;0.0326313049427691 0.0983983535081194 0.0378549578587367;0.0401399732529862 0.0378549578587367 0.12000828021659]intento: 109 tiempo: 0.01 [0.20637234463847 0.0831116296175639 0.0876330688454337;0.0831116296175639 0.143842514815151 0.0531916680594327;0.0876330688454337 0.0531916680594327 0.145717849839177]intento: 111 tiempo: 0.01 [0.125905335273034 0.0439083193316469 0.0458011344423228;0.0439083193316469 0.0924916151379798 0.0311249850384892;0.0458011344423228 0.0311249850384892 0.101322022381339]intento: 113 tiempo: 0.009 [0.0852216850767454 0.0285960195919468 0.0318189244182031;0.0285960195919468 0.0895147814106658 0.0288753482437452;0.0318189244182031 0.0288753482437452 0.088245370940272]intento: 115 tiempo: 0.011 [0.131360195670735 0.0567924065316146 0.052422070279727;0.0567924065316146 0.12757688979572 0.0497750088054794;0.052422070279727 0.0497750088054794 0.12757949281199]intento: 117 tiempo: 0.01 [0.0899820546329129 0.0353737177128761 0.029121028728217;0.0353737177128761 0.0980967996104136 0.0355570297540557;0.029121028728217 0.0355570297540557 0.089782138123069]intento: 119 tiempo: 0.011 [0.192196706497564 0.104672876877055 0.0794801110235251;0.104672876877055 0.204060294730612 0.103289573916321;0.0794801110235251 0.103289573916321 0.168030070543349]intento: 121 tiempo: 0.011 [0.20125625652138 0.0888563470806267 0.0789408137243611;0.0888563470806267 0.207745539529147 0.0813724703047449;0.0789408137243611 0.0813724703047449 0.166167929705445]intento: 123 tiempo: 0.017 [0.170919775385287 0.0751427090890335 0.0825534829977569;0.0751427090890335 0.173648126276999 0.0570120753251238;0.0825534829977569 0.0570120753251238 0.158538214336134]intento: 125 tiempo: 0.011 [0.227200877266838 0.156688579432696 0.10258956784608;0.156688579432696 0.48040157434183 0.244349611742606;0.10258956784608 0.244349611742606 0.295473343783653]intento: 127 tiempo: 0.011 [0.58396203583026 0.259237013448688 0.558220140286125;0.259237013448688 0.318196308346844 0.361808728182164;0.558220140286125 0.361808728182164 0.876800892865285]intento: 129 tiempo: 0.012 [0.315482476078747 0.14515372100499 0.138990931501568;0.14515372100499 0.201463868868231 0.0977087921751209;0.138990931501568 0.0977087921751209 0.192477155902105]intento: 131 tiempo: 0.01 [0.1297093356523 0.0581123701179717 0.0609336393531826;0.0581123701179717 0.142130515339743 0.0558284482236466;0.0609336393531826 0.0558284482236466 0.140705859665335]intento: 133 tiempo: 0.01 [0.218246395956787 0.0678975066487487 0.10024231573649;0.0678975066487487 0.154041091098404 0.0530563618414735;0.10024231573649 0.0530563618414735 0.162489241419218]intento: 135 tiempo: 0.01 [0.103534963448086 0.0338519909199222 0.0439704650294255;0.0338519909199222 0.0927198488230341 0.0388608675232747;0.0439704650294255 0.0388608675232747 0.12580028510552]intento: 137 tiempo: 0.011 [0.135864392874378 0.0582625766899965 0.0612210966525719;0.0582625766899965 0.149441669991894 0.0696135494411946;0.0612210966525719 0.0696135494411946 0.162005621068783]intento: 139 tiempo: 0.01 [0.153711981116352 0.0787591265684828 0.105059379249735;0.0787591265684828 0.19692829570235 0.153418343205906;0.105059379249735 0.153418343205906 0.333518987515596]intento: 141 tiempo: 0.01 [0.759203134437514 0.316466122835957 0.449188100704612;0.316466122835957 0.268552616909449 0.22004228288693;0.449188100704612 0.22004228288693 0.424324081951496]intento: 143 tiempo: 0.011 [0.158701088662429 0.0646372619205511 0.0467356505159005;0.0646372619205511 0.137320686694594 0.0523663464406372;0.0467356505159005 0.0523663464406372 0.115038565431782]intento: 145 tiempo: 0.011 [0.149093495980473 0.0616794067705295 0.0579822004264459;0.0616794067705295 0.15110817006308 0.0629816406220582;0.0579822004264459 0.0629816406220582 0.123025547955871]intento: 147 tiempo: 0.011 [0.123924018155765 0.0475697628579089 0.0530802575516441;0.0475697628579089 0.117100221320554 0.0437038933905734;0.0530802575516441 0.0437038933905734 0.121191933425562]intento: 149 tiempo: 0.011 [0.173845189208945 0.0898586781695576 0.0619593198598028;0.0898586781695576 0.220496815724736 0.0827300728923887;0.0619593198598028 0.0827300728923887 0.17023712502248]intento: 151 tiempo: 0.01 [0.158476708689729 0.0673640401914175 0.0827947669590452;0.0673640401914175 0.146825028298884 0.0827912544925438;0.0827947669590452 0.0827912544925438 0.197882225214419]intento: 153 tiempo: 0.011 [0.112911808369337 0.0493612957241279 0.0439334035543645;0.0493612957241279 0.120570872835807 0.0515786090887257;0.0439334035543645 0.0515786090887257 0.125013887423439]intento: 155 tiempo: 0.01 [0.524502761159628 0.303826385723478 0.324241399945774;0.303826385723478 0.363596561567522 0.218625944238001;0.324241399945774 0.218625944238001 0.354755866932632]intento: 157 tiempo: 0.012 [0.1051436297412 0.0319656791115042 0.044865239272072;0.0319656791115042 0.0912582763033467 0.0346369062372316;0.044865239272072 0.0346369062372316 0.107003181013577]intento: 159 tiempo: 0.013 [0.112295411838342 0.0404897366173188 0.0428887407721949;0.0404897366173188 0.150482499436432 0.0862179794133893;0.0428887407721949 0.0862179794133893 0.164282476545146]intento: 161 tiempo: 0.011 [0.277715755861585 0.174497697852056 0.230735117453444;0.174497697852056 0.407936880471587 0.313808859377803;0.230735117453444 0.313808859377803 0.515048373996878]intento: 163 tiempo: 0.01 [0.0951473578665897 0.0303215049463985 0.0300583876059172;0.0303215049463985 0.0895597059268486 0.0228892562180791;0.0300583876059172 0.0228892562180791 0.0779883998306658]intento: 165 tiempo: 0.011 [0.112620812006553 0.0431054142391998 0.0475018794866656;0.0431054142391998 0.121160103883848 0.0556098253204536;0.0475018794866656 0.0556098253204536 0.129190202367042]intento: 167 tiempo: 0.012 [0.132913900588707 0.0464297966421751 0.0488282227381124;0.0464297966421751 0.1348101434444 0.0446176741924271;0.0488282227381124 0.0446176741924271 0.119119754392498]intento: 169 tiempo: 0.011 [0.127622162604645 0.0491756711659462 0.0477589755495961;0.0491756711659462 0.122916470684396 0.0411444283854007;0.0477589755495961 0.0411444283854007 0.10717818261785]intento: 171 tiempo: 0.011 [0.156458853009495 0.068036975484231 0.0815959613357687;0.068036975484231 0.172040085195652 0.0812457782938757;0.0815959613357687 0.0812457782938757 0.227362780646813]intento: 173 tiempo: 0.011 [0.203495018998474 0.133899961396594 0.115706016087838;0.133899961396594 0.25623605396287 0.134220737331258;0.115706016087838 0.134220737331258 0.224654942795541]intento: 175 tiempo: 0.011 [0.201658810469704 0.084196722148139 0.0990384580006206;0.084196722148139 0.169252875426759 0.0791864827278315;0.0990384580006206 0.0791864827278315 0.198162756082475]intento: 177 tiempo: 0.01 [0.201746107914579 0.0745289617901109 0.123968524662816;0.0745289617901109 0.176228999888596 0.101522702383117;0.123968524662816 0.101522702383117 0.250790775290996]intento: 179 tiempo: 0.013 [0.301507822150685 0.216732175210199 0.243652777514192;0.216732175210199 0.43159673452912 0.290354992964278;0.243652777514192 0.290354992964278 0.422044213880037]intento: 181 tiempo: 0.01 [0.156858748192442 0.0820196135256712 0.0798892086938652;0.0820196135256712 0.199736672417599 0.0771456632208403;0.0798892086938652 0.0771456632208403 0.168185104478171]intento: 183 tiempo: 0.011 [0.168181540789502 0.0481300517339956 0.0806616205535034;0.0481300517339956 0.110958163969502 0.0549063536000911;0.0806616205535034 0.0549063536000911 0.153001300711867]intento: 185 tiempo: 0.01 [0.405174856999003 0.229208580429639 0.145994302729941;0.229208580429639 0.302337166403418 0.119152025323275;0.145994302729941 0.119152025323275 0.197057326068526]intento: 187 tiempo: 0.01 [0.147588778644735 0.0597649122641054 0.0740049933145933;0.0597649122641054 0.144143927114969 0.0525981826397196;0.0740049933145933 0.0525981826397196 0.149906083467851]intento: 189 tiempo: 0.011 [0.181597227704161 0.0903965349955701 0.115135754689509;0.0903965349955701 0.210484559118199 0.123998296434328;0.115135754689509 0.123998296434328 0.246270019470743]intento: 191 tiempo: 0.013 [0.448804418569129 0.166019576091367 0.392179675671152;0.166019576091367 0.256300403364994 0.190805431965943;0.392179675671152 0.190805431965943 0.659443600677709]intento: 193 tiempo: 0.012 [0.0728107582802205 0.0236429104767004 0.0295505148946941;0.0236429104767004 0.07998573153224 0.033469707608801;0.0295505148946941 0.033469707608801 0.0972653577029622]intento: 195 tiempo: 0.01 [0.113078908595831 0.0425778213221074 0.0458642078454941;0.0425778213221074 0.122847390290521 0.0445285960241488;0.0458642078454941 0.0445285960241488 0.111145910437136]intento: 197 tiempo: 0.011 [0.096084709574939 0.0382569444314728 0.028409881494483;0.0382569444314728 0.098498875549023 0.0359012685304733;0.028409881494483 0.0359012685304733 0.0895630129679958]intento: 199 tiempo: 0.011 [0.124180588609257 0.0427119292841097 0.0561794773839481;0.0427119292841097 0.114625119447479 0.0543755882710363;0.0561794773839481 0.0543755882710363 0.12451673583693]intento: 201 tiempo: 0.011 [0.304408317692622 0.151625614278525 0.166019036646761;0.151625614278525 0.268828988573077 0.150901088599826;0.166019036646761 0.150901088599826 0.286841006490342]intento: 203 tiempo: 0.01 [0.493308863776003 0.535917129943724 0.208623165003209;0.535917129943724 0.881839795209083 0.29207001212498;0.208623165003209 0.29207001212498 0.23518856398724]