intento: 2 tiempo: 0.013 [0.137011054433436 0.0615169341504061 0.0832991575474797;0.0615169341504061 0.165080355190003 0.0896134956304322;0.0832991575474797 0.0896134956304322 0.202410597924398]intento: 4 tiempo: 0.011 [0.349922030501578 0.244514669010273 0.168453668643654;0.244514669010273 0.364645872618519 0.157014844017447;0.168453668643654 0.157014844017447 0.231446127472984]intento: 6 tiempo: 0.011 [0.144689304935527 0.0562933282114239 0.0806549403390768;0.0562933282114239 0.151473907060496 0.0830182584155445;0.0806549403390768 0.0830182584155445 0.177896458670946]intento: 8 tiempo: 0.013 [0.102973388547244 0.0482398433272264 0.0359455949317812;0.0482398433272264 0.131407034136487 0.040374702457532;0.0359455949317812 0.040374702457532 0.0993032362789426]intento: 10 tiempo: 0.011 [0.141775571825365 0.0555134411930863 0.0583418028170007;0.0555134411930863 0.137046643505665 0.0454842951624743;0.0583418028170007 0.0454842951624743 0.119355362509118]intento: 12 tiempo: 0.012 [0.169646901128926 0.0693325284409556 0.0772067461138718;0.0693325284409556 0.146441455396358 0.0765061454380623;0.0772067461138718 0.0765061454380623 0.19628412946385]intento: 14 tiempo: 0.01 [0.194095231604472 0.127810869828363 0.146187509107611;0.127810869828363 0.285972715146831 0.183366251556598;0.146187509107611 0.183366251556598 0.2884801843204]intento: 16 tiempo: 0.011 [0.192804537387923 0.0900688470697712 0.106691266253576;0.0900688470697712 0.157779328346155 0.0789743053491127;0.106691266253576 0.0789743053491127 0.197564138590955]intento: 18 tiempo: 0.013 [0.152613552821359 0.0640102674209076 0.0858570756349579;0.0640102674209076 0.14951445470829 0.0891413115853403;0.0858570756349579 0.0891413115853403 0.218456569749157]intento: 20 tiempo: 0.011 [0.125063170769129 0.0477452981607907 0.0517792657490531;0.0477452981607907 0.108900355280177 0.0398961982990556;0.0517792657490531 0.0398961982990556 0.10314237226443]intento: 22 tiempo: 0.011 [0.102479464697007 0.0416959056806465 0.0402308695725706;0.0416959056806465 0.125718676903216 0.0478635824246731;0.0402308695725706 0.0478635824246731 0.115100153134658]intento: 24 tiempo: 0.011 [0.154358968865095 0.0711172016687001 0.100602937806635;0.0711172016687001 0.181210388289655 0.120626628137694;0.100602937806635 0.120626628137694 0.237737240484862]intento: 28 tiempo: 0.011 [0.119467784585981 0.0539605467350821 0.0686868470927083;0.0539605467350821 0.143268198764809 0.0810623855621233;0.0686868470927083 0.0810623855621233 0.175267841419324]intento: 30 tiempo: 0.012 [0.198196827247607 0.118297207212134 0.0812948546657205;0.118297207212134 0.275499384795757 0.109392417720607;0.0812948546657205 0.109392417720607 0.210695233523066]intento: 32 tiempo: 0.017 [0.129559838515182 0.0562499758415329 0.0497698435926857;0.0562499758415329 0.12767965476992 0.042989551615111;0.0497698435926857 0.042989551615111 0.127743001078811]intento: 34 tiempo: 0.013 [0.165024632860352 0.0475919255854922 0.0684794734444056;0.0475919255854922 0.121813672348728 0.0466763349972757;0.0684794734444056 0.0466763349972757 0.149850044064312]intento: 36 tiempo: 0.012 [0.144035997701635 0.065685268829648 0.068778990391746;0.065685268829648 0.175381343349033 0.0862540518596659;0.068778990391746 0.0862540518596659 0.166291757904107]intento: 38 tiempo: 0.014 [0.205712879970241 0.178853816203677 0.187844584632009;0.178853816203677 0.397269187912282 0.305314470100566;0.187844584632009 0.305314470100566 0.4139284544733]intento: 40 tiempo: 0.012 [0.109196038128507 0.036783371481269 0.0461129729645756;0.036783371481269 0.104745566120809 0.0473737205352517;0.0461129729645756 0.0473737205352517 0.117110949696303]intento: 42 tiempo: 0.013 [0.203061114123045 0.0986059801863851 0.120056154419005;0.0986059801863851 0.186366038115771 0.0961640224168673;0.120056154419005 0.0961640224168673 0.268401721209676]intento: 44 tiempo: 0.013 [0.291897799653547 0.174194241398615 0.229779067442838;0.174194241398615 0.282365586226162 0.204117775579074;0.229779067442838 0.204117775579074 0.34900210301398]intento: 46 tiempo: 0.013 [0.119408427075882 0.0469489994154266 0.0534455127233534;0.0469489994154266 0.132087714036788 0.0643722733538928;0.0534455127233534 0.0643722733538928 0.146638412548205]intento: 48 tiempo: 0.012 [0.166352269472364 0.076478987213628 0.057985733944314;0.076478987213628 0.190138404717579 0.0523435607706287;0.057985733944314 0.0523435607706287 0.120385713333779]intento: 50 tiempo: 0.014 [0.339416329559042 0.23190694916328 0.261840683263378;0.23190694916328 0.370842369898931 0.289350192689773;0.261840683263378 0.289350192689773 0.438403191213271]intento: 52 tiempo: 0.012 [0.0870374544720677 0.0295297139490279 0.0370106500791115;0.0295297139490279 0.0825469734901102 0.0351439269566942;0.0370106500791115 0.0351439269566942 0.103300420118294]intento: 54 tiempo: 0.012 [0.138775988144921 0.065045913068484 0.0560368218921066;0.065045913068484 0.171993530876175 0.0749030172019856;0.0560368218921066 0.0749030172019856 0.1320962982928]intento: 56 tiempo: 0.014 [0.125708185108384 0.0446770666933478 0.0465446021810726;0.0446770666933478 0.0937836335540078 0.0281895350885104;0.0465446021810726 0.0281895350885104 0.0918492238321785]intento: 58 tiempo: 0.012 [0.164745205329583 0.0941226978711233 0.113818168065534;0.0941226978711233 0.209585222138704 0.154906475688015;0.113818168065534 0.154906475688015 0.282059981326164]intento: 60 tiempo: 0.014 [0.12494842415509 0.047659369085617 0.0536493720194244;0.047659369085617 0.129129421630967 0.049171497713061;0.0536493720194244 0.049171497713061 0.148138330592249]intento: 62 tiempo: 0.011 [0.119786335595819 0.0404235184894452 0.042007946190984;0.0404235184894452 0.121859886366474 0.0443071900561759;0.042007946190984 0.0443071900561759 0.103183803461681]intento: 64 tiempo: 0.011 [0.203399374011563 0.110962450900426 0.151364341133284;0.110962450900426 0.248247335436812 0.129092020029193;0.151364341133284 0.129092020029193 0.281731885422766]intento: 66 tiempo: 0.012 [0.17422076875775 0.105249023072902 0.0513654475886328;0.105249023072902 0.233975497623547 0.0853277041520532;0.0513654475886328 0.0853277041520532 0.149551173607177]intento: 68 tiempo: 0.011 [0.0904838368252883 0.0323231722305528 0.0329103083467251;0.0323231722305528 0.0884934468712676 0.0296514863809574;0.0329103083467251 0.0296514863809574 0.0932790922594905]intento: 70 tiempo: 0.019 [0.785271921934417 0.634518234608999 0.319479243145159;0.634518234608999 0.795406419567352 0.365323093759004;0.319479243145159 0.365323093759004 0.345625770221885]intento: 72 tiempo: 0.011 [0.142157420484804 0.050219965994302 0.0513774311947013;0.050219965994302 0.102975819022046 0.0469491572460714;0.0513774311947013 0.0469491572460714 0.127547416150137]intento: 74 tiempo: 0.013 [0.188343308634627 0.108270660951417 0.0991690640416888;0.108270660951417 0.216959108619905 0.0881516428646924;0.0991690640416888 0.0881516428646924 0.205077334323807]intento: 76 tiempo: 0.012 [0.193325705527448 0.100414793408049 0.116159795507872;0.100414793408049 0.228373044391558 0.0950317843423445;0.116159795507872 0.0950317843423445 0.199542469587273]intento: 78 tiempo: 0.014 [0.142527352863001 0.0592658370379679 0.0656050019016677;0.0592658370379679 0.139569771068799 0.0510941046905258;0.0656050019016677 0.0510941046905258 0.143212214057106]intento: 80 tiempo: 0.014 [0.354071962311801 0.103770923219877 0.171624913979974;0.103770923219877 0.166353426422629 0.0818088904494566;0.171624913979974 0.0818088904494566 0.244044534335766]intento: 82 tiempo: 0.01 [0.161293251967109 0.0773498029642869 0.0714993817764805;0.0773498029642869 0.157776319614657 0.0681256815198117;0.0714993817764805 0.0681256815198117 0.146844508953264]intento: 84 tiempo: 0.012 [0.187064547386994 0.105834640485527 0.111881962420782;0.105834640485527 0.244385637893665 0.115661475243204;0.111881962420782 0.115661475243204 0.215674992454748]intento: 86 tiempo: 0.012 [0.118998797566329 0.0552091343749515 0.0484379156836898;0.0552091343749515 0.135224695822394 0.0634325871280062;0.0484379156836898 0.0634325871280062 0.129163953645976]intento: 88 tiempo: 0.011 [0.183455841074516 0.0779045405767385 0.103312580816856;0.0779045405767385 0.156072214637452 0.0803468227717562;0.103312580816856 0.0803468227717562 0.192766714816139]intento: 91 tiempo: 0.016 [0.170452647406492 0.0992356951348953 0.10425546538055;0.0992356951348953 0.23534470998219 0.127007022924881;0.10425546538055 0.127007022924881 0.255184951409943]intento: 93 tiempo: 0.011 [0.147325465329857 0.0587202842802618 0.0614846584834475;0.0587202842802618 0.117264461568616 0.0408750057135016;0.0614846584834475 0.0408750057135016 0.13728415052625]intento: 95 tiempo: 0.012 [0.157126648866326 0.0569616207017153 0.0694185891422941;0.0569616207017153 0.10832442387746 0.0484958381157514;0.0694185891422941 0.0484958381157514 0.145598404166076]intento: 97 tiempo: 0.012 [0.0952744286634884 0.0352481079192103 0.033228198593942;0.0352481079192103 0.105822859469568 0.0334929409991948;0.033228198593942 0.0334929409991948 0.0978268361638759]intento: 99 tiempo: 0.014 [0.211945654030875 0.117451208899819 0.0923972550895333;0.117451208899819 0.231188747324294 0.109617937204995;0.0923972550895333 0.109617937204995 0.183708670485541]intento: 101 tiempo: 0.011 [0.417241620806469 0.267587153005677 0.139796701021274;0.267587153005677 0.346178240308217 0.112789208536155;0.139796701021274 0.112789208536155 0.185928047691875]intento: 103 tiempo: 0.011 [0.134575914946261 0.0644616759906306 0.0759835590475391;0.0644616759906306 0.16234727543321 0.095380872005271;0.0759835590475391 0.095380872005271 0.196345222435982]intento: 105 tiempo: 0.011 [0.16022897842444 0.0762882778548994 0.0604516368340649;0.0762882778548994 0.151008685244072 0.0612972789836665;0.0604516368340649 0.0612972789836665 0.14661532226214]intento: 107 tiempo: 0.012 [0.175658652497169 0.043454787491821 0.0816022791719033;0.043454787491821 0.108612477492393 0.0364758433782704;0.0816022791719033 0.0364758433782704 0.16214441668875]intento: 109 tiempo: 0.013 [0.158000907885686 0.106693309544934 0.0918688111216249;0.106693309544934 0.362230106683301 0.241513773824662;0.0918688111216249 0.241513773824662 0.326745888553738]intento: 111 tiempo: 0.01 [0.168652978234602 0.0751431654434722 0.0656329022930024;0.0751431654434722 0.171606929030074 0.0787028625615653;0.0656329022930024 0.0787028625615653 0.146717932532032]intento: 113 tiempo: 0.011 [0.11480656414721 0.0459735963303262 0.0459014420540772;0.0459735963303262 0.128393409022988 0.0508391677190754;0.0459014420540772 0.0508391677190754 0.120735969568339]intento: 115 tiempo: 0.012 [0.118739784345706 0.0390789284939058 0.0376604511661502;0.0390789284939058 0.116065643095146 0.034916782081251;0.0376604511661502 0.034916782081251 0.103392507825559]intento: 117 tiempo: 0.012 [0.136063065736391 0.0482684132235437 0.0567440287547213;0.0482684132235437 0.113903045041573 0.0406074801158341;0.0567440287547213 0.0406074801158341 0.1308599071195]intento: 119 tiempo: 0.011 [0.104346260701648 0.0405065946844554 0.0489674019300079;0.0405065946844554 0.158347439936861 0.0853031001204428;0.0489674019300079 0.0853031001204428 0.158618736308796]intento: 121 tiempo: 0.013 [0.1433444947921 0.05122217423253 0.055172203784857;0.05122217423253 0.116655476267815 0.0411398979028096;0.055172203784857 0.0411398979028096 0.139385118231978]intento: 123 tiempo: 0.014 [0.250947816777207 0.217744191114253 0.153162956588158;0.217744191114253 0.669081635371632 0.390512176507788;0.153162956588158 0.390512176507788 0.448731428245173]intento: 125 tiempo: 0.01 [0.297027071049054 0.199834071970406 0.211552543217647;0.199834071970406 0.32130235243215 0.214838097267883;0.211552543217647 0.214838097267883 0.342621717721151]intento: 127 tiempo: 0.013 [0.12129218924167 0.0628187812116609 0.0537907408938659;0.0628187812116609 0.15850909497471 0.0636545109050532;0.0537907408938659 0.0636545109050532 0.144090979029288]intento: 129 tiempo: 0.015 [0.153170146579485 0.0560365273974379 0.0735625344566565;0.0560365273974379 0.12023529312374 0.0483122668004685;0.0735625344566565 0.0483122668004685 0.131278017470496]intento: 131 tiempo: 0.011 [0.159467155962461 0.0331559503445923 0.0748182040868971;0.0331559503445923 0.102610034112813 0.0485099550422221;0.0748182040868971 0.0485099550422221 0.166820697369338]intento: 133 tiempo: 0.011 [0.138198168786186 0.0570855682823894 0.0418628382319387;0.0570855682823894 0.147509788032822 0.0636763251305632;0.0418628382319387 0.0636763251305632 0.119699516211894]intento: 135 tiempo: 0.011 [0.36659084314851 0.153319369768572 0.187107946355366;0.153319369768572 0.270348842379075 0.139517627605491;0.187107946355366 0.139517627605491 0.249165139148254]intento: 137 tiempo: 0.014 [0.0852835200233461 0.0266062077488966 0.0216848107334729;0.0266062077488966 0.0859591639322526 0.0263701199726532;0.0216848107334729 0.0263701199726532 0.0830280658896184]intento: 139 tiempo: 0.012 [0.179247819988859 0.0749463843796529 0.0807621742047744;0.0749463843796529 0.151412610258236 0.0561752154530288;0.0807621742047744 0.0561752154530288 0.170642431918115]intento: 141 tiempo: 0.011 [0.207391342859489 0.0859676937770253 0.0945683358837975;0.0859676937770253 0.145666240286196 0.0662345450446764;0.0945683358837975 0.0662345450446764 0.198963690931177]intento: 143 tiempo: 0.011 [0.414188271192838 0.160500099118855 0.241462561962933;0.160500099118855 0.212049398025199 0.160270176273802;0.241462561962933 0.160270176273802 0.353939022282782]intento: 145 tiempo: 0.013 [0.252697678576848 0.117064675923559 0.111391837322046;0.117064675923559 0.219070791716207 0.0803902749518134;0.111391837322046 0.0803902749518134 0.181733670489475]intento: 147 tiempo: 0.011 [0.145560072139363 0.0698321548885165 0.0634015376579067;0.0698321548885165 0.147913425960588 0.0605490846901851;0.0634015376579067 0.0605490846901851 0.150125190130448]intento: 149 tiempo: 0.013 [0.394028804386681 0.272111938027055 0.170681475099576;0.272111938027055 0.342339526670897 0.158856394289135;0.170681475099576 0.158856394289135 0.204150186901961]intento: 151 tiempo: 0.013 [0.138168119311476 0.070267873836782 0.0920959296604414;0.070267873836782 0.183540202835644 0.116376402871808;0.0920959296604414 0.116376402871808 0.246201346712034]intento: 153 tiempo: 0.011 [0.134460623611787 0.0685275487696223 0.0446376030031637;0.0685275487696223 0.167921095562937 0.0532919337469526;0.0446376030031637 0.0532919337469526 0.14178733583894]intento: 155 tiempo: 0.015 [0.785602113535314 0.46089782421636 0.319689587586281;0.46089782421636 0.476138022974541 0.210700551604065;0.319689587586281 0.210700551604065 0.26679122740799]intento: 157 tiempo: 0.013 [0.225421119436792 0.0967996965732594 0.0850341793670795;0.0967996965732594 0.166876092539786 0.0630416151685452;0.0850341793670795 0.0630416151685452 0.134187507546173]intento: 159 tiempo: 0.011 [0.14755354740516 0.071230002736181 0.0695153621994842;0.071230002736181 0.151694330380721 0.0744487087150719;0.0695153621994842 0.0744487087150719 0.164829669993592]intento: 161 tiempo: 0.011 [0.105796020734793 0.0457387949964285 0.0455170945213847;0.0457387949964285 0.125139065059158 0.0547565700123297;0.0455170945213847 0.0547565700123297 0.122713511041885]intento: 163 tiempo: 0.012 [0.187186219103647 0.102484073099082 0.103173095122621;0.102484073099082 0.182725358718807 0.101034418615729;0.103173095122621 0.101034418615729 0.195200764244201]intento: 165 tiempo: 0.011 [0.175346946560144 0.0631081918403898 0.0891475799085087;0.0631081918403898 0.134332233728505 0.072158870167988;0.0891475799085087 0.072158870167988 0.183237351416149]intento: 167 tiempo: 0.013 [0.116141722601703 0.0460707534537049 0.0344354801814265;0.0460707534537049 0.102360036008972 0.025303001007391;0.0344354801814265 0.025303001007391 0.0901963877699389]intento: 169 tiempo: 0.013 [0.190678904272819 0.0837865429248218 0.0473600138053609;0.0837865429248218 0.169152182962025 0.0576703146537096;0.0473600138053609 0.0576703146537096 0.115267447124567]intento: 171 tiempo: 0.01 [0.273953630986997 0.102557804208483 0.106739709695608;0.102557804208483 0.162441136570297 0.0815610140332829;0.106739709695608 0.0815610140332829 0.185439346599204]intento: 173 tiempo: 0.012 [0.520383819466618 0.266360917951188 0.340760202839093;0.266360917951188 0.308656846986491 0.224089666248235;0.340760202839093 0.224089666248235 0.425454945252667]intento: 175 tiempo: 0.013 [0.150342295501685 0.0475161361712311 0.0601724509029134;0.0475161361712311 0.150466105450653 0.0574986766785469;0.0601724509029134 0.0574986766785469 0.142256811967015]intento: 177 tiempo: 0.012 [0.245436967943906 0.119340694584376 0.11170577417681;0.119340694584376 0.231483506191708 0.127350276931778;0.11170577417681 0.127350276931778 0.249368822532541]intento: 179 tiempo: 0.011 [0.15107628424147 0.0567058078799036 0.07780855457963;0.0567058078799036 0.150163543502377 0.0994012007124818;0.07780855457963 0.0994012007124818 0.231158472673558]intento: 181 tiempo: 0.012 [0.238757971081193 0.164397034671833 0.162268215723591;0.164397034671833 0.305264975679357 0.176482425355582;0.162268215723591 0.176482425355582 0.275443736738239]intento: 183 tiempo: 0.012 [0.239668417421362 0.155873686493763 0.134501082245888;0.155873686493763 0.285081574950769 0.1524648077971;0.134501082245888 0.1524648077971 0.250387281962793]intento: 185 tiempo: 0.013 [0.135972098310225 0.0558069989587942 0.0474826774824912;0.0558069989587942 0.141741619199722 0.0486777122252311;0.0474826774824912 0.0486777122252311 0.122029920326849]intento: 187 tiempo: 0.011 [0.145088398236172 0.058075942314817 0.0511518296484317;0.058075942314817 0.122830180606536 0.051330063509412;0.0511518296484317 0.051330063509412 0.114265996720835]intento: 189 tiempo: 0.01 [0.131781948048109 0.0549419863456714 0.0560681002610401;0.0549419863456714 0.134696432855289 0.0596972102680121;0.0560681002610401 0.0596972102680121 0.144894036264471]intento: 191 tiempo: 0.012 [0.261622637510175 0.173726959137943 0.12419895241352;0.173726959137943 0.291814875295558 0.121002452084064;0.12419895241352 0.121002452084064 0.184473991069035]intento: 193 tiempo: 0.011 [0.0911607937126429 0.0271798923473249 0.0433213473925533;0.0271798923473249 0.093445558296581 0.0358693853782744;0.0433213473925533 0.0358693853782744 0.116911557787563]intento: 195 tiempo: 0.013 [0.202423441526681 0.0944113828747309 0.0945184376256562;0.0944113828747309 0.179545253001342 0.0573522089895216;0.0945184376256562 0.0573522089895216 0.181250847530138]intento: 197 tiempo: 0.016 [0.222325939978645 0.104380281763464 0.0749833639411235;0.104380281763464 0.179396704664657 0.0605383287101349;0.0749833639411235 0.0605383287101349 0.155568618765139]intento: 199 tiempo: 0.01 [0.230884135333544 0.0896837350349352 0.112663973216589;0.0896837350349352 0.206040187903398 0.106117866799162;0.112663973216589 0.106117866799162 0.19704459388655]intento: 201 tiempo: 0.011 [0.146635561377718 0.0761237563744083 0.0829734010484921;0.0761237563744083 0.209951124899255 0.111542110489314;0.0829734010484921 0.111542110489314 0.203974075058931]intento: 203 tiempo: 0.011 [0.127961748086006 0.0536189951493628 0.0584105678517399;0.0536189951493628 0.131307286371744 0.041882291780283;0.0584105678517399 0.041882291780283 0.128256607206412]