intento: 1 tiempo: 0.013 [0.0784908951579486 0.0179797317762506 0.0134633594002792;0.0179797317762506 0.0887947724590063 0.0185194593606267;0.0134633594002792 0.0185194593606267 0.0763843691966741]intento: 2 tiempo: 0.012 [0.0796315430536807 0.0243680558304932 0.0175472385206596;0.0243680558304932 0.0786915438848628 0.0170090612400824;0.0175472385206596 0.0170090612400824 0.0784213249200629]intento: 3 tiempo: 0.011 [0.0835224903641232 0.0180034292958179 0.019439493548853;0.0180034292958179 0.070261518005815 0.011894112783528;0.019439493548853 0.011894112783528 0.0743850002334289]intento: 4 tiempo: 0.011 [0.0877915336444023 0.0176423025672572 0.0241774428808329;0.0176423025672572 0.0946546188510772 0.0188552463695711;0.0241774428808329 0.0188552463695711 0.0768618430080193]intento: 5 tiempo: 0.011 [0.0827624578169406 0.0165029111934315 0.0200553553341226;0.0165029111934315 0.0884684669577094 0.0251201298770446;0.0200553553341226 0.0251201298770446 0.0829378678956284]intento: 6 tiempo: 0.01 [0.0851321259787013 0.0238298910434679 0.0184428134428705;0.0238298910434679 0.0902287516964887 0.0139347311408171;0.0184428134428705 0.0139347311408171 0.0788801272475294]intento: 7 tiempo: 0.01 [0.0804372615868665 0.014798857112564 0.0305956341909593;0.014798857112564 0.0868032665672792 0.024362580505668;0.0305956341909593 0.024362580505668 0.0955273463765083]intento: 8 tiempo: 0.011 [0.0716671319476497 0.0224666594331869 0.0105502177861924;0.0224666594331869 0.0880883695047358 0.0197778685805739;0.0105502177861924 0.0197778685805739 0.0763394280363009]intento: 9 tiempo: 0.011 [0.0738374890923489 0.0192810611967473 0.017834465301685;0.0192810611967473 0.0900474696075509 0.0226236215250157;0.017834465301685 0.0226236215250157 0.0795554090676038]intento: 10 tiempo: 0.012 [0.0809013900877398 0.0233422549748023 0.0290315599261006;0.0233422549748023 0.0845965016907872 0.0199704407640392;0.0290315599261006 0.0199704407640392 0.0896053693575709]intento: 11 tiempo: 0.011 [0.0799586508705188 0.0146514132923182 0.021227948059624;0.0146514132923182 0.0916892204269012 0.021441181017206;0.021227948059624 0.021441181017206 0.0788580394906178]intento: 12 tiempo: 0.012 [0.0869167713028445 0.0351614205777886 0.0339149980057235;0.0351614205777886 0.104420392097554 0.0412304963449794;0.0339149980057235 0.0412304963449794 0.0966695901447242]intento: 13 tiempo: 0.012 [0.0820387250356976 0.019299433386539 0.0238734606509394;0.019299433386539 0.0874290023764611 0.0255492543045462;0.0238734606509394 0.0255492543045462 0.0827050947231194]intento: 14 tiempo: 0.01 [0.0719397731948876 0.0142295326702522 0.0243403629720207;0.0142295326702522 0.0852923865849298 0.030503312683867;0.0243403629720207 0.030503312683867 0.100087680258068]intento: 15 tiempo: 0.011 [0.0977351613427461 0.0274124498787881 0.0227645987141368;0.0274124498787881 0.0809890375337142 0.0184189227484152;0.0227645987141368 0.0184189227484152 0.0715524607338997]intento: 16 tiempo: 0.01 [0.0928649460987755 0.0346846421488371 0.0330478187173033;0.0346846421488371 0.0941472926802913 0.032489449127484;0.0330478187173033 0.032489449127484 0.0938812569500782]intento: 17 tiempo: 0.011 [0.0858037323329524 0.0305539118753169 0.0349093210291482;0.0305539118753169 0.104692263678285 0.0454141489643805;0.0349093210291482 0.0454141489643805 0.110446362920485]intento: 18 tiempo: 0.01 [0.0956471916512095 0.0261759692108144 0.0311913003120419;0.0261759692108144 0.0897630185673815 0.0285490294105148;0.0311913003120419 0.0285490294105148 0.0920992353222299]intento: 19 tiempo: 0.01 [0.0954344689466473 0.0172161860828964 0.0279982075622446;0.0172161860828964 0.0727611512864901 0.0186585655736847;0.0279982075622446 0.0186585655736847 0.0797368600662111]intento: 20 tiempo: 0.011 [0.0916868814044895 0.0328769577595595 0.0245419993965506;0.0328769577595595 0.101219887360898 0.0281091452197426;0.0245419993965506 0.0281091452197426 0.084691629251973]intento: 21 tiempo: 0.015 [0.0860174585532142 0.0252335201522475 0.0202508654102713;0.0252335201522475 0.0871790090721039 0.018670261872768;0.0202508654102713 0.018670261872768 0.0785283971928402]intento: 22 tiempo: 0.011 [0.0753429088166466 0.0171484365332615 0.0179111104856879;0.0171484365332615 0.0801714242037782 0.0196482350596065;0.0179111104856879 0.0196482350596065 0.0807891004459973]intento: 23 tiempo: 0.01 [0.0801084560564832 0.0201750015760258 0.0196465336503634;0.0201750015760258 0.0839962379718711 0.0248804509634482;0.0196465336503634 0.0248804509634482 0.0955521689121439]intento: 24 tiempo: 0.012 [0.0775839051105092 0.0274497978437264 0.0224021384071357;0.0274497978437264 0.101481556418933 0.0308242413829512;0.0224021384071357 0.0308242413829512 0.0913015834880488]intento: 25 tiempo: 0.011 [0.0887306671016195 0.0193534011703553 0.0215642644884621;0.0193534011703553 0.08524170698539 0.0250546327110188;0.0215642644884621 0.0250546327110188 0.0749981844661979]intento: 26 tiempo: 0.01 [0.0757215503690628 0.0173177801763983 0.0232092184334068;0.0173177801763983 0.0882403800381723 0.0188361522812952;0.0232092184334068 0.0188361522812952 0.0855951721842899]intento: 27 tiempo: 0.012 [0.0827455934867311 0.0204577570547283 0.0268917333060055;0.0204577570547283 0.0804417415216598 0.0276688306814218;0.0268917333060055 0.0276688306814218 0.0873106134021816]intento: 28 tiempo: 0.01 [0.073573383979885 0.0206346247164743 0.0190359647684692;0.0206346247164743 0.0809316006094058 0.0248620421768497;0.0190359647684692 0.0248620421768497 0.0865309060958563]intento: 29 tiempo: 0.011 [0.0967291401477251 0.0267297914814521 0.0246780130883881;0.0267297914814521 0.0742771859494614 0.0197544709596937;0.0246780130883881 0.0197544709596937 0.0775394352821083]intento: 30 tiempo: 0.012 [0.0848681797037546 0.0100690007144294 0.0188793988594987;0.0100690007144294 0.0672646778614223 0.0130418290845483;0.0188793988594987 0.0130418290845483 0.0778876435536819]intento: 31 tiempo: 0.011 [0.0762127724811602 0.0130638965540738 0.0188917201795293;0.0130638965540738 0.0806441246183665 0.0178993197695035;0.0188917201795293 0.0178993197695035 0.0853662531327872]intento: 32 tiempo: 0.01 [0.103239382027806 0.0340562846514009 0.0371257893212326;0.0340562846514009 0.0988124242885109 0.0341897996149026;0.0371257893212326 0.0341897996149026 0.0991209009306119]intento: 33 tiempo: 0.011 [0.0809491189127809 0.0260172922550539 0.0192539780442346;0.0260172922550539 0.0813295414585095 0.0308899848889227;0.0192539780442346 0.0308899848889227 0.0874477988743547]intento: 34 tiempo: 0.01 [0.0907789683487367 0.0284781160088752 0.0239737370200418;0.0284781160088752 0.100183801599011 0.0245969157014204;0.0239737370200418 0.0245969157014204 0.0818974719685924]intento: 35 tiempo: 0.01 [0.0762964964174197 0.0196441326648217 0.0220359039498489;0.0196441326648217 0.0798314178648249 0.0214031591139594;0.0220359039498489 0.0214031591139594 0.0884057886171618]intento: 36 tiempo: 0.01 [0.086938990151429 0.00925910599953197 0.0290036250932261;0.00925910599953197 0.0724962108471315 0.0151989264293223;0.0290036250932261 0.0151989264293223 0.0924731743075837]intento: 37 tiempo: 0.01 [0.0812368906526881 0.0183136336507177 0.0271457488488331;0.0183136336507177 0.0818561211383227 0.0207282020135637;0.0271457488488331 0.0207282020135637 0.0904842121578285]intento: 38 tiempo: 0.01 [0.0818874569195855 0.0142539151677869 0.0193676854841978;0.0142539151677869 0.0723658763611761 0.022590465631182;0.0193676854841978 0.022590465631182 0.0871723646721485]intento: 39 tiempo: 0.01 [0.0864348788193945 0.0266180837795906 0.019807720222042;0.0266180837795906 0.0833636487775661 0.0165404322407371;0.019807720222042 0.0165404322407371 0.0803736274739559]intento: 40 tiempo: 0.01 [0.0772839029795768 0.0155624697509312 0.021964851044882;0.0155624697509312 0.0759097233148835 0.0174816606819408;0.021964851044882 0.0174816606819408 0.0934651098735971]intento: 41 tiempo: 0.01 [0.0761914299539314 0.023749585040356 0.0159408347760299;0.023749585040356 0.0939040534715289 0.0209259945576833;0.0159408347760299 0.0209259945576833 0.0782215555403358]intento: 42 tiempo: 0.011 [0.0778536247759452 0.0165735815920948 0.0209364859570024;0.0165735815920948 0.0833679869306444 0.0210766664751733;0.0209364859570024 0.0210766664751733 0.09302776496595]intento: 43 tiempo: 0.01 [0.0864091338729164 0.0247743237464886 0.0234632164103241;0.0247743237464886 0.0974016590882702 0.0330271920974005;0.0234632164103241 0.0330271920974005 0.0815366969389363]intento: 44 tiempo: 0.01 [0.0956731188415117 0.0375904860318935 0.0270876168881075;0.0375904860318935 0.0945631082355552 0.027671151108168;0.0270876168881075 0.027671151108168 0.0953325456285389]intento: 45 tiempo: 0.011 [0.0810223194142298 0.0228164255244236 0.0227804667251138;0.0228164255244236 0.0784854023710086 0.0224573943811442;0.0227804667251138 0.0224573943811442 0.0739539087484328]intento: 46 tiempo: 0.011 [0.0897094605947572 0.0284327914401993 0.0230191991545493;0.0284327914401993 0.086109161477601 0.0120585079265628;0.0230191991545493 0.0120585079265628 0.0946326695512738]intento: 47 tiempo: 0.01 [0.0848241774210617 0.00980188401546548 0.0203157901289741;0.00980188401546548 0.0679142528681071 0.0133077917624442;0.0203157901289741 0.0133077917624442 0.0870181071568113]intento: 48 tiempo: 0.011 [0.0850987207202064 0.0174118852632394 0.0246132314179199;0.0174118852632394 0.0777331541582453 0.0211532801849061;0.0246132314179199 0.0211532801849061 0.0824647913010211]intento: 49 tiempo: 0.01 [0.088902418213386 0.0192335974321002 0.0116442717323601;0.0192335974321002 0.0831272808925175 0.0196981486687858;0.0116442717323601 0.0196981486687858 0.0754174493685194]intento: 50 tiempo: 0.011 [0.0728730811444514 0.010043726398438 0.0123741323746006;0.010043726398438 0.0851890111078064 0.0169446293572806;0.0123741323746006 0.0169446293572806 0.0718088594504174]intento: 51 tiempo: 0.01 [0.0739892017591368 0.0244669512041692 0.0160405201682535;0.0244669512041692 0.0961309904061013 0.0227614821393693;0.0160405201682535 0.0227614821393693 0.0858591302601869]intento: 52 tiempo: 0.011 [0.0730954790447314 0.0202551620063845 0.0222553422506908;0.0202551620063845 0.0886856779786211 0.0336917593140134;0.0222553422506908 0.0336917593140134 0.0953437737933838]intento: 53 tiempo: 0.01 [0.0816080724173047 0.0237568388001983 0.0124924040214139;0.0237568388001983 0.0978949834399351 0.0257305224197034;0.0124924040214139 0.0257305224197034 0.0844505926474605]intento: 54 tiempo: 0.011 [0.0797670704018448 0.0149919190427194 0.0123539661085325;0.0149919190427194 0.0783561441152903 0.0155223450816635;0.0123539661085325 0.0155223450816635 0.0767351434678213]intento: 55 tiempo: 0.011 [0.0816688419912856 0.0290441692051437 0.0265164810420234;0.0290441692051437 0.101452917851856 0.0382931854947318;0.0265164810420234 0.0382931854947318 0.105236976086236]intento: 56 tiempo: 0.01 [0.0842186048807187 0.0335833673346268 0.0271109155841602;0.0335833673346268 0.0937513094793497 0.0213077692608426;0.0271109155841602 0.0213077692608426 0.0836724896300494]intento: 57 tiempo: 0.01 [0.0835122087750709 0.02485634022372 0.0214045712070548;0.02485634022372 0.0863257246003634 0.015416462939062;0.0214045712070548 0.015416462939062 0.077279550847118]intento: 58 tiempo: 0.01 [0.0784211544809732 0.0204446128503241 0.0236733605356092;0.0204446128503241 0.0779681258637535 0.0152903569589663;0.0236733605356092 0.0152903569589663 0.074770951976461]intento: 59 tiempo: 0.01 [0.0824862838471949 0.0158706631171253 0.00967452424081246;0.0158706631171253 0.070429700306576 0.0121714328640382;0.00967452424081246 0.0121714328640382 0.0725789882857922]intento: 60 tiempo: 0.012 [0.0863060060509425 0.0223554346849602 0.0231955046305922;0.0223554346849602 0.089695973385151 0.0252278647991769;0.0231955046305922 0.0252278647991769 0.0843608146046517]intento: 61 tiempo: 0.011 [0.0897109678169548 0.0236377174920569 0.0281253650851326;0.0236377174920569 0.0956305109468785 0.0225868954696799;0.0281253650851326 0.0225868954696799 0.0879869373202018]intento: 62 tiempo: 0.01 [0.0736322334896921 0.0198168317504309 0.0192127117628108;0.0198168317504309 0.0791331332998709 0.0170552259286318;0.0192127117628108 0.0170552259286318 0.0882987615578521]intento: 63 tiempo: 0.012 [0.0876785317523764 0.0154731495137691 0.0217806943997265;0.0154731495137691 0.0731932447052859 0.0136091354240793;0.0217806943997265 0.0136091354240793 0.0708401837230495]intento: 64 tiempo: 0.011 [0.100170863886593 0.021295440970278 0.0326130566377306;0.021295440970278 0.078941238179156 0.0281829026731447;0.0326130566377306 0.0281829026731447 0.0991509059458169]intento: 65 tiempo: 0.011 [0.0705963853789079 0.0131743996333501 0.0190431744889304;0.0131743996333501 0.0847816696919801 0.0218362885691829;0.0190431744889304 0.0218362885691829 0.0797372225270231]intento: 66 tiempo: 0.011 [0.0751405055367722 0.0167935064667561 0.0135520579670059;0.0167935064667561 0.0753716402815188 0.0196509229874009;0.0135520579670059 0.0196509229874009 0.0773367511574981]intento: 67 tiempo: 0.011 [0.0828072668045488 0.0128984065589476 0.0258115673250096;0.0128984065589476 0.0714925635258306 0.0237116210343548;0.0258115673250096 0.0237116210343548 0.0934134256970437]intento: 68 tiempo: 0.009 [0.0917872564842953 0.0285058963568412 0.0265600514728938;0.0285058963568412 0.0811575780144593 0.0272786235292846;0.0265600514728938 0.0272786235292846 0.077722990418141]intento: 69 tiempo: 0.011 [0.078908990120008 0.0111396005715292 0.0247032517286531;0.0111396005715292 0.0669976176024017 0.0125833110387362;0.0247032517286531 0.0125833110387362 0.0856219344644618]intento: 70 tiempo: 0.011 [0.0846293688578873 0.0213331367439095 0.0267895459175237;0.0213331367439095 0.0879629337731523 0.0191678277347322;0.0267895459175237 0.0191678277347322 0.0834008134073988]intento: 71 tiempo: 0.01 [0.0772585596940469 0.0163407059937649 0.0178460985057627;0.0163407059937649 0.0881836887498604 0.0215498735033096;0.0178460985057627 0.0215498735033096 0.0946329964666255]intento: 72 tiempo: 0.01 [0.0783610488168308 0.0165491077908472 0.0209511797652829;0.0165491077908472 0.0751756658534896 0.0202511110486491;0.0209511797652829 0.0202511110486491 0.0818393818656814]intento: 73 tiempo: 0.011 [0.098390289431911 0.0194725581364184 0.0240737981214524;0.0194725581364184 0.0750820747052716 0.0173166216424968;0.0240737981214524 0.0173166216424968 0.0802797716359151]intento: 74 tiempo: 0.01 [0.0749487601863873 0.0197345978942265 0.0129080346853354;0.0197345978942265 0.0900825698015911 0.0199481996406168;0.0129080346853354 0.0199481996406168 0.0714593463542917]intento: 75 tiempo: 0.01 [0.0827051035935373 0.0212867493482117 0.0162650380543003;0.0212867493482117 0.0753131207884249 0.0200785569943341;0.0162650380543003 0.0200785569943341 0.0879041874744776]intento: 76 tiempo: 0.01 [0.080499746759203 0.024103848055992 0.0129263627985409;0.024103848055992 0.0806817285407849 0.019425237383077;0.0129263627985409 0.019425237383077 0.0738922521316991]intento: 77 tiempo: 0.01 [0.0807639154673666 0.0205698149316861 0.0208209940622581;0.0205698149316861 0.080380604260306 0.0124560367248477;0.0208209940622581 0.0124560367248477 0.0848850714280459]intento: 78 tiempo: 0.012 [0.0846149626307887 0.0287548660096391 0.0229305875198101;0.0287548660096391 0.0848822354505571 0.0247609182860583;0.0229305875198101 0.0247609182860583 0.0882769297049009]intento: 79 tiempo: 0.011 [0.0978653621064452 0.0328187154756897 0.0387368863830642;0.0328187154756897 0.0870974587369253 0.0332965160050624;0.0387368863830642 0.0332965160050624 0.0982080021236348]intento: 80 tiempo: 0.011 [0.0977388263322171 0.0298971494741766 0.0366088583960991;0.0298971494741766 0.0869040953594689 0.0364749637331041;0.0366088583960991 0.0364749637331041 0.097125184114153]intento: 81 tiempo: 0.01 [0.0755758668517456 0.0134529221533371 0.00984638401949143;0.0134529221533371 0.0932529490670481 0.0254263716013771;0.00984638401949143 0.0254263716013771 0.0777802456074733]intento: 82 tiempo: 0.01 [0.0869256452212917 0.0158167928942725 0.0248349868597431;0.0158167928942725 0.0732638634915679 0.0127435717495477;0.0248349868597431 0.0127435717495477 0.0887652612096701]intento: 83 tiempo: 0.01 [0.0919372004046315 0.0248085181322775 0.0206463715482601;0.0248085181322775 0.0741169801051847 0.0141606529377508;0.0206463715482601 0.0141606529377508 0.071218753159902]intento: 84 tiempo: 0.01 [0.0728524726619606 0.0105590222000252 0.0163017667462661;0.0105590222000252 0.0767594533984574 0.0190076991900572;0.0163017667462661 0.0190076991900572 0.0846777401190651]intento: 85 tiempo: 0.01 [0.0847946280675007 0.0140564103125288 0.0186081534902833;0.0140564103125288 0.0741863105586479 0.0120012121917619;0.0186081534902833 0.0120012121917619 0.0826672405760331]intento: 86 tiempo: 0.01 [0.0737205742562304 0.0177674823455868 0.0148966014711973;0.0177674823455868 0.0794519641076333 0.0183290361621734;0.0148966014711973 0.0183290361621734 0.0753729972625479]intento: 87 tiempo: 0.01 [0.0767679080224047 0.0225819575232882 0.0168530590970718;0.0225819575232882 0.0863254650514593 0.022022580454915;0.0168530590970718 0.022022580454915 0.0728671753553313]intento: 88 tiempo: 0.01 [0.085150683006143 0.0217241472090033 0.0188596459841344;0.0217241472090033 0.0800736303057083 0.020548209018304;0.0188596459841344 0.020548209018304 0.0754126829429608]intento: 89 tiempo: 0.011 [0.0917947437926346 0.0289018697956678 0.0266361568773177;0.0289018697956678 0.102202375316305 0.034960094473418;0.0266361568773177 0.034960094473418 0.0894409623714292]intento: 90 tiempo: 0.011 [0.0801752706428965 0.0210345027837944 0.0171247847236999;0.0210345027837944 0.0923663565876178 0.0222896668765111;0.0171247847236999 0.0222896668765111 0.0730852510885394]intento: 91 tiempo: 0.011 [0.0943942408730517 0.0178747242451394 0.0289045687011106;0.0178747242451394 0.0746225268348062 0.0237936325780517;0.0289045687011106 0.0237936325780517 0.0879866004022998]intento: 92 tiempo: 0.013 [0.0764635566240383 0.0167231375224637 0.0139913591318913;0.0167231375224637 0.0745888203039555 0.0179781452939197;0.0139913591318913 0.0179781452939197 0.0838363235756943]intento: 93 tiempo: 0.011 [0.0750435997415022 0.0246613941317963 0.0148126630070924;0.0246613941317963 0.0976858430419712 0.0222298136887316;0.0148126630070924 0.0222298136887316 0.0872953406447054]intento: 94 tiempo: 0.011 [0.0743974379029453 0.0138519625452869 0.0220675839724647;0.0138519625452869 0.0918703210939457 0.0274398823680337;0.0220675839724647 0.0274398823680337 0.0883173192199645]intento: 95 tiempo: 0.011 [0.0758706779503164 0.0139205727023024 0.0215510105039535;0.0139205727023024 0.0842868497189998 0.0254312079636014;0.0215510105039535 0.0254312079636014 0.0836671072643106]intento: 96 tiempo: 0.011 [0.0784934991445222 0.0231968939177951 0.0176002702311014;0.0231968939177951 0.07871805779015 0.0264951464538576;0.0176002702311014 0.0264951464538576 0.0912868002342504]intento: 97 tiempo: 0.011 [0.0872977693806465 0.0232944068834152 0.0254897276153179;0.0232944068834152 0.08139743786378 0.0254286746455607;0.0254897276153179 0.0254286746455607 0.0901404915280549]intento: 98 tiempo: 0.01 [0.0753638097354701 0.0203792080672209 0.0208939442826291;0.0203792080672209 0.0804722005880361 0.0223151959361537;0.0208939442826291 0.0223151959361537 0.085218614035388]intento: 99 tiempo: 0.011 [0.094188495262031 0.0273637669901291 0.0182898387576844;0.0273637669901291 0.0782555398720524 0.0177905198003913;0.0182898387576844 0.0177905198003913 0.0761181697733027]intento: 100 tiempo: 0.012 [0.096951804804343 0.0203342164601657 0.0229828171750668;0.0203342164601657 0.07287366627179 0.0161744811204246;0.0229828171750668 0.0161744811204246 0.0758256572435967]