intento: 2 tiempo: 0.013 [0.0621236535611583 0.0168928036320677 0.0127248856192009 0.011556857772103 0.0153700163876167;0.0168928036320677 0.0581595493418079 0.01302409973397 0.0119303690282986 0.0122856738952509;0.0127248856192009 0.01302409973397 0.0593044622079146 0.0108303715133229 0.012256170725075;0.011556857772103 0.0119303690282986 0.0108303715133229 0.0561493271353275 0.0149796465844247;0.0153700163876167 0.0122856738952509 0.012256170725075 0.0149796465844247 0.0618128109715871]intento: 4 tiempo: 0.014 [0.0737121192611419 0.0202890973841172 0.0165678810637486 0.0249265856338121 0.0228061073140479;0.0202890973841172 0.0771824536869441 0.0206672522902708 0.0244079560116133 0.023811853582565;0.0165678810637486 0.0206672522902708 0.0798568956958508 0.0213447026928759 0.0242030398789723;0.0249265856338121 0.0244079560116133 0.0213447026928759 0.0789386513044325 0.0262389275827169;0.0228061073140479 0.023811853582565 0.0242030398789723 0.0262389275827169 0.0845409625275344]intento: 6 tiempo: 0.012 [0.066061830566799 0.0171738548561023 0.0151604010005883 0.0131615107340654 0.0198711183497088;0.0171738548561023 0.0628789633948285 0.0122785294717297 0.0120756749026996 0.0163336958057618;0.0151604010005883 0.0122785294717297 0.0677015415381922 0.0133307115950576 0.014004484011336;0.0131615107340654 0.0120756749026996 0.0133307115950576 0.0602335467865442 0.0157753171752742;0.0198711183497088 0.0163336958057618 0.014004484011336 0.0157753171752742 0.0625227703047519]intento: 8 tiempo: 0.012 [0.0443651759405478 0.00953962665885789 0.00860403818450045 0.0106246949972079 0.00943231623494528;0.00953962665885789 0.0489829465573943 0.00797961039263826 0.012859881651584 0.0109163478421759;0.00860403818450045 0.00797961039263826 0.0440535939971132 0.00767649770221632 0.00754395222984912;0.0106246949972079 0.012859881651584 0.00767649770221632 0.0487421833532233 0.010662386547483;0.00943231623494528 0.0109163478421759 0.00754395222984912 0.010662386547483 0.0498565974582394]intento: 10 tiempo: 0.012 [0.053424466072301 0.0157881000161725 0.0134960750040219 0.0100586490866895 0.00958923377708944;0.0157881000161725 0.0667549887502522 0.0164267020661069 0.0168894653288587 0.0147978303800444;0.0134960750040219 0.0164267020661069 0.0614814263844338 0.0140995491327806 0.0145941725468689;0.0100586490866895 0.0168894653288587 0.0140995491327806 0.0570496045324818 0.011853709286198;0.00958923377708944 0.0147978303800444 0.0145941725468689 0.011853709286198 0.0528563856402471]intento: 12 tiempo: 0.012 [0.0489668103019091 0.00747753451613753 0.00888422793682184 0.0126660115493352 0.0127928372117179;0.00747753451613753 0.0487242747503323 0.00812694879059501 0.00925538448531392 0.0126584137800952;0.00888422793682184 0.00812694879059501 0.0489082363319857 0.0126601409966159 0.0135174330725568;0.0126660115493352 0.00925538448531392 0.0126601409966159 0.0514726380832864 0.0138970949049434;0.0127928372117179 0.0126584137800952 0.0135174330725568 0.0138970949049434 0.0570844993832253]intento: 14 tiempo: 0.012 [0.0563605505787532 0.010950524311326 0.0121548932730453 0.0109385240539979 0.010612297167992;0.010950524311326 0.0509607699027451 0.0119411443542953 0.00894392633912209 0.0117395181038456;0.0121548932730453 0.0119411443542953 0.0530690953357397 0.0102514633218312 0.00964565387465181;0.0109385240539979 0.00894392633912209 0.0102514633218312 0.0477243327675101 0.0098369351839941;0.010612297167992 0.0117395181038456 0.00964565387465181 0.0098369351839941 0.0531063076052919]intento: 16 tiempo: 0.011 [0.0503994789506629 0.0103310034993293 0.00905051662617529 0.0146618259558361 0.0114816434102664;0.0103310034993293 0.051218386285223 0.00588487124112889 0.0152406234509142 0.0110428537610154;0.00905051662617529 0.00588487124112889 0.0477557108450989 0.00968778661256001 0.0107899586449186;0.0146618259558361 0.0152406234509142 0.00968778661256001 0.0605671770538491 0.0147948132060162;0.0114816434102664 0.0110428537610154 0.0107899586449186 0.0147948132060162 0.0566111527905089]intento: 18 tiempo: 0.012 [0.0533592717360378 0.010070677249844 0.0161451001761809 0.0103646017321896 0.00901071197615217;0.010070677249844 0.0524901069325583 0.0126677090877374 0.0118335580625105 0.0107823190686136;0.0161451001761809 0.0126677090877374 0.0605417268266603 0.0165721834558154 0.012743017677712;0.0103646017321896 0.0118335580625105 0.0165721834558154 0.0574680351738778 0.0108457584065409;0.00901071197615217 0.0107823190686136 0.012743017677712 0.0108457584065409 0.0518141826062581]intento: 20 tiempo: 0.012 [0.049054364391739 0.0107293775520023 0.00851281291885 0.0117691050264408 0.010218477696492;0.0107293775520023 0.0537995520860546 0.00787005789041053 0.0114441273705418 0.0108977362231426;0.00851281291885 0.00787005789041053 0.0463001815314619 0.00847447680180932 0.0109766317555195;0.0117691050264408 0.0114441273705418 0.00847447680180932 0.054324173684763 0.0118244512569442;0.010218477696492 0.0108977362231426 0.0109766317555195 0.0118244512569442 0.0530058232233644]intento: 22 tiempo: 0.011 [0.0561457456967168 0.0123164256713237 0.0116163354886228 0.0109459602794715 0.0145177689093802;0.0123164256713237 0.0577072724936647 0.0152463817235036 0.0142769092045871 0.0163702205314206;0.0116163354886228 0.0152463817235036 0.0591853648423237 0.012350512896856 0.0177677713793632;0.0109459602794715 0.0142769092045871 0.012350512896856 0.0586620242978656 0.0153500389927398;0.0145177689093802 0.0163702205314206 0.0177677713793632 0.0153500389927398 0.0587854569701708]intento: 24 tiempo: 0.012 [0.0618432447857627 0.0148263945323309 0.013928020180016 0.0155475608405593 0.0096957542981651;0.0148263945323309 0.0570851796312632 0.0113417448712494 0.011708902162864 0.00945806640620005;0.013928020180016 0.0113417448712494 0.056798840194847 0.0134308810732177 0.0142765995419769;0.0155475608405593 0.011708902162864 0.0134308810732177 0.0564136689321547 0.0116236862041032;0.0096957542981651 0.00945806640620005 0.0142765995419769 0.0116236862041032 0.0584076917853707]intento: 26 tiempo: 0.012 [0.0523899193777874 0.0111270640050189 0.0122095138622301 0.00885643939905027 0.0124349813709616;0.0111270640050189 0.0548299125974885 0.0133979285623437 0.0121765766727676 0.015303277085504;0.0122095138622301 0.0133979285623437 0.0571540515212694 0.0119606278578155 0.0115334220767991;0.00885643939905027 0.0121765766727676 0.0119606278578155 0.0598327922297927 0.0151566185127375;0.0124349813709616 0.015303277085504 0.0115334220767991 0.0151566185127375 0.0560275756576975]intento: 28 tiempo: 0.012 [0.0694262836315004 0.0154738764910044 0.0118700521818876 0.0136211736318053 0.0143004215380105;0.0154738764910044 0.0670083253266444 0.013711587385687 0.0146682239623595 0.0137739768375176;0.0118700521818876 0.013711587385687 0.0618607894056634 0.00881430123904932 0.011259197968137;0.0136211736318053 0.0146682239623595 0.00881430123904932 0.05774809442479 0.0117437220796939;0.0143004215380105 0.0137739768375176 0.011259197968137 0.0117437220796939 0.0627082860262567]intento: 30 tiempo: 0.012 [0.0512070828946904 0.0106124504182103 0.0107883913765885 0.00980520933234455 0.0100009048152925;0.0106124504182103 0.0492290861951027 0.0116286513182419 0.00938045519508966 0.0109216029238834;0.0107883913765885 0.0116286513182419 0.0499017071874458 0.00910872536085353 0.0129966042783899;0.00980520933234455 0.00938045519508966 0.00910872536085353 0.049804977754968 0.0127861194857615;0.0100009048152925 0.0109216029238834 0.0129966042783899 0.0127861194857615 0.0512178268649331]intento: 32 tiempo: 0.012 [0.0595712008464804 0.0129553118422131 0.0152404868111451 0.0121413617320059 0.0151705076406932;0.0129553118422131 0.05966732257385 0.0146290417650286 0.0136950987283169 0.0153701636499598;0.0152404868111451 0.0146290417650286 0.0670260858225272 0.0165970810542575 0.0161502243001438;0.0121413617320059 0.0136950987283169 0.0165970810542575 0.0625902260925025 0.0158921149386518;0.0151705076406932 0.0153701636499598 0.0161502243001438 0.0158921149386518 0.060577453026285]intento: 34 tiempo: 0.012 [0.0508566089646795 0.01266631783855 0.0140186256639068 0.0120997184853315 0.0119850081807574;0.01266631783855 0.0538639730022024 0.0123291025975068 0.0143766580876405 0.0117912951766651;0.0140186256639068 0.0123291025975068 0.0548767266335086 0.0139104248617824 0.0113652785725273;0.0120997184853315 0.0143766580876405 0.0139104248617824 0.057292031436427 0.0130746331378436;0.0119850081807574 0.0117912951766651 0.0113652785725273 0.0130746331378436 0.0542871105944982]intento: 36 tiempo: 0.012 [0.0634015256262307 0.0127272245750598 0.016702808365265 0.0141704986599402 0.0186256902593541;0.0127272245750598 0.0690130498284133 0.0129576613623098 0.0162210392985276 0.0197137622081432;0.016702808365265 0.0129576613623098 0.0658074572850851 0.0152136536371016 0.0172008338496503;0.0141704986599402 0.0162210392985276 0.0152136536371016 0.0721047521360779 0.0221333318324796;0.0186256902593541 0.0197137622081432 0.0172008338496503 0.0221333318324796 0.0692915174034033]intento: 38 tiempo: 0.013 [0.0618147734047367 0.0173618354318838 0.019285420504911 0.0135629279912886 0.0102055032905673;0.0173618354318838 0.0634847086695201 0.0182649753537563 0.0141252398751593 0.010937136044093;0.019285420504911 0.0182649753537563 0.0703954337122466 0.015737493532188 0.0110580752047086;0.0135629279912886 0.0141252398751593 0.015737493532188 0.059913293192829 0.0106302547266856;0.0102055032905673 0.010937136044093 0.0110580752047086 0.0106302547266856 0.0574475014401484]intento: 40 tiempo: 0.012 [0.0545829483868316 0.011990580817608 0.0101191685576584 0.0128809858540792 0.0160301660213042;0.011990580817608 0.062070192010188 0.0106720019940059 0.013272657598206 0.0160599400591654;0.0101191685576584 0.0106720019940059 0.0570740724278701 0.0151676036333053 0.0145831415118598;0.0128809858540792 0.013272657598206 0.0151676036333053 0.0597155749051123 0.0194989059858289;0.0160301660213042 0.0160599400591654 0.0145831415118598 0.0194989059858289 0.0617851813413269]intento: 42 tiempo: 0.012 [0.0529498674606473 0.013406743865112 0.0108824880704298 0.0119837006364759 0.00882157637249901;0.013406743865112 0.0535381991766271 0.00913589088231043 0.0139420176630256 0.0124717667384791;0.0108824880704298 0.00913589088231043 0.0486780288764465 0.0108394760528364 0.00843040823167476;0.0119837006364759 0.0139420176630256 0.0108394760528364 0.0521575117350185 0.0108845792279124;0.00882157637249901 0.0124717667384791 0.00843040823167476 0.0108845792279124 0.0485078487050276]intento: 44 tiempo: 0.012 [0.0587660008248184 0.0149806896372155 0.0125530718289334 0.0109672303206119 0.0137814289879337;0.0149806896372155 0.0527078264340218 0.0146121942253407 0.0094932317645562 0.0121401958769054;0.0125530718289334 0.0146121942253407 0.0592354850571036 0.0107485575525472 0.0142223668163311;0.0109672303206119 0.0094932317645562 0.0107485575525472 0.0502798525593946 0.0129917272544172;0.0137814289879337 0.0121401958769054 0.0142223668163311 0.0129917272544172 0.0593750030349374]intento: 46 tiempo: 0.012 [0.0652465786702571 0.0148507987702826 0.0173940522194371 0.0155113216065031 0.0139005266645316;0.0148507987702826 0.0569417559717229 0.0145694795033711 0.0115416690770173 0.0107115187224276;0.0173940522194371 0.0145694795033711 0.0562289891226452 0.0154012666433566 0.0120013687677051;0.0155113216065031 0.0115416690770173 0.0154012666433566 0.0574554211526223 0.0106997937292224;0.0139005266645316 0.0107115187224276 0.0120013687677051 0.0106997937292224 0.0561191343635155]intento: 48 tiempo: 0.013 [0.0890164924259449 0.0207202519021161 0.032561371731127 0.0144728112520331 0.025748923343018;0.0207202519021161 0.0747871606065162 0.021648103695688 0.0122258782003412 0.0202380796849174;0.032561371731127 0.021648103695688 0.100934583019038 0.0219971892112598 0.0224163529190802;0.0144728112520331 0.0122258782003412 0.0219971892112598 0.0788878152892472 0.0179880791204539;0.025748923343018 0.0202380796849174 0.0224163529190802 0.0179880791204539 0.0867066378635282]intento: 50 tiempo: 0.012 [0.0603426914431749 0.0116617708705495 0.00821792999925621 0.011757102993811 0.0159146020030366;0.0116617708705495 0.0700706307200234 0.0152022496189088 0.0125700299096974 0.0164164345972902;0.00821792999925621 0.0152022496189088 0.0729845749550625 0.0180927294458498 0.0208433507744107;0.011757102993811 0.0125700299096974 0.0180927294458498 0.0768334932868065 0.0260579396609037;0.0159146020030366 0.0164164345972902 0.0208433507744107 0.0260579396609037 0.0755719098127787]intento: 52 tiempo: 0.012 [0.0656821198326609 0.0136829819235225 0.013972809199841 0.0122977206504711 0.0157957580344754;0.0136829819235225 0.0677435037987416 0.0153254096134532 0.0106826328485451 0.0154554789213126;0.013972809199841 0.0153254096134532 0.0720038750416533 0.0129369203069542 0.0206659355820998;0.0122977206504711 0.0106826328485451 0.0129369203069542 0.0630690546969511 0.0101803273624023;0.0157957580344754 0.0154554789213126 0.0206659355820998 0.0101803273624023 0.0699404772159238]intento: 54 tiempo: 0.012 [0.0628506211802382 0.0141582390249248 0.0129426951138826 0.0116966307172926 0.0157893885227615;0.0141582390249248 0.0568160733630876 0.0142960212258053 0.0146829574382033 0.0120858237496698;0.0129426951138826 0.0142960212258053 0.0593978119376407 0.0173402654796943 0.0122388069588405;0.0116966307172926 0.0146829574382033 0.0173402654796943 0.0617302108667121 0.0138937046643899;0.0157893885227615 0.0120858237496698 0.0122388069588405 0.0138937046643899 0.055389700883243]intento: 56 tiempo: 0.013 [0.0561293407247572 0.013340652193656 0.0119701309046363 0.0092087985811027 0.0132354410777985;0.013340652193656 0.0552275915974929 0.0129183624505997 0.0138392499996128 0.0119782722316787;0.0119701309046363 0.0129183624505997 0.0494842956677309 0.0100834323376185 0.00923493398160849;0.0092087985811027 0.0138392499996128 0.0100834323376185 0.0526422549679933 0.0119384210699944;0.0132354410777985 0.0119782722316787 0.00923493398160849 0.0119384210699944 0.0533378264589042]intento: 58 tiempo: 0.012 [0.0552744839422513 0.0132370088110102 0.0105804757048083 0.0150526987053981 0.00888635247704113;0.0132370088110102 0.0611226074923324 0.0154253949484867 0.0147380783198681 0.0115228126740436;0.0105804757048083 0.0154253949484867 0.053517702957244 0.0134359755833749 0.00798482687604143;0.0150526987053981 0.0147380783198681 0.0134359755833749 0.0546134394259541 0.0101512671025643;0.00888635247704113 0.0115228126740436 0.00798482687604143 0.0101512671025643 0.0485464153196119]intento: 60 tiempo: 0.014 [0.0728622384874066 0.011042310209671 0.02155517773515 0.0175017122824606 0.0113122465656104;0.011042310209671 0.0618899669176394 0.0142682079865326 0.012180934859415 0.0121133385749468;0.02155517773515 0.0142682079865326 0.0732777452144398 0.0223883451060895 0.0163047071631288;0.0175017122824606 0.012180934859415 0.0223883451060895 0.0721496584813365 0.0143785247696066;0.0113122465656104 0.0121133385749468 0.0163047071631288 0.0143785247696066 0.0613774758038563]intento: 62 tiempo: 0.012 [0.107600780725252 0.0275474158144109 0.0187093935661892 0.0417960826348173 0.028428560493499;0.0275474158144109 0.115290854649946 0.0233858630186228 0.0458290087104943 0.0314045140606973;0.0187093935661892 0.0233858630186228 0.0808122484591765 0.0263579047838602 0.0141195466180809;0.0417960826348173 0.0458290087104943 0.0263579047838602 0.126500775040722 0.0343404959661298;0.028428560493499 0.0314045140606973 0.0141195466180809 0.0343404959661298 0.110241197833331]intento: 64 tiempo: 0.012 [0.0586819543461297 0.0123782032863546 0.0134385429797397 0.0121053594220261 0.0163830651121175;0.0123782032863546 0.0558786880697032 0.0137426174578823 0.0127802255815424 0.0128925358628433;0.0134385429797397 0.0137426174578823 0.0568442775267491 0.0111964498706199 0.0165336318477108;0.0121053594220261 0.0127802255815424 0.0111964498706199 0.0519370740482444 0.0137527362515652;0.0163830651121175 0.0128925358628433 0.0165336318477108 0.0137527362515652 0.059780885515363]intento: 66 tiempo: 0.013 [0.0564166956994578 0.0145167403256649 0.00736175456772329 0.0136601439929537 0.00971695522613176;0.0145167403256649 0.0565461804181078 0.0103741095949882 0.0140930276331114 0.00944517794070925;0.00736175456772329 0.0103741095949882 0.0499740795627284 0.0124016199913394 0.00836294105159889;0.0136601439929537 0.0140930276331114 0.0124016199913394 0.0589503313091705 0.0129950903325396;0.00971695522613176 0.00944517794070925 0.00836294105159889 0.0129950903325396 0.051422169010557]intento: 68 tiempo: 0.012 [0.0893223252322826 0.0277536723243114 0.0274380454729834 0.0292216387663113 0.0232404249882704;0.0277536723243114 0.0850634758354541 0.0302368479728347 0.0314509291165635 0.0261306917318137;0.0274380454729834 0.0302368479728347 0.0880982694324769 0.0304652283547946 0.0226576773160189;0.0292216387663113 0.0314509291165635 0.0304652283547946 0.0924168472403304 0.0247329153853316;0.0232404249882704 0.0261306917318137 0.0226576773160189 0.0247329153853316 0.0790716926975842]intento: 70 tiempo: 0.012 [0.0730990904490829 0.0188454064883544 0.0117506604972734 0.0204304450135527 0.0213066006759568;0.0188454064883544 0.067983252734939 0.0119470646566285 0.0168173011595679 0.0181360288599301;0.0117506604972734 0.0119470646566285 0.0647697636834987 0.0127704310497416 0.0113649451825274;0.0204304450135527 0.0168173011595679 0.0127704310497416 0.0725148654518553 0.0205955450735352;0.0213066006759568 0.0181360288599301 0.0113649451825274 0.0205955450735352 0.076215895646742]intento: 72 tiempo: 0.012 [0.0666844786840611 0.0107950304773668 0.0110978396723986 0.0126350438692879 0.0188744002073532;0.0107950304773668 0.0555389704061178 0.0139057183414335 0.0138740292317006 0.0118981321818491;0.0110978396723986 0.0139057183414335 0.05974208303844 0.0129850588495082 0.0167596676767147;0.0126350438692879 0.0138740292317006 0.0129850588495082 0.0623546434115766 0.0161960626976689;0.0188744002073532 0.0118981321818491 0.0167596676767147 0.0161960626976689 0.0591235134915563]intento: 74 tiempo: 0.012 [0.0453967883942411 0.0116455182708429 0.00963416872334695 0.0107373482776702 0.0099748490627155;0.0116455182708429 0.0486765165871531 0.00941012514231184 0.0119456506811223 0.00958331313658286;0.00963416872334695 0.00941012514231184 0.0463081748609119 0.00977567634424911 0.00781177514055605;0.0107373482776702 0.0119456506811223 0.00977567634424911 0.0494214750410817 0.00917856982632701;0.0099748490627155 0.00958331313658286 0.00781177514055605 0.00917856982632701 0.0439640343962263]intento: 76 tiempo: 0.011 [0.0567704101766918 0.0115174052066387 0.0126821912208525 0.0127509113657416 0.0168681318158468;0.0115174052066387 0.0539574079963042 0.012744841245532 0.0102134244058386 0.0118351603785313;0.0126821912208525 0.012744841245532 0.056552659835119 0.0106470860566848 0.0151207942491985;0.0127509113657416 0.0102134244058386 0.0106470860566848 0.0543544295319513 0.0116507658784761;0.0168681318158468 0.0118351603785313 0.0151207942491985 0.0116507658784761 0.0609017856757691]intento: 78 tiempo: 0.012 [0.0489315283499105 0.0100775389974835 0.0101841708602213 0.00922306153865259 0.00796888607614459;0.0100775389974835 0.0537056637303314 0.0141947490116853 0.0112913589936225 0.0121618926905876;0.0101841708602213 0.0141947490116853 0.0521371683964065 0.00948255425094986 0.0121008366541724;0.00922306153865259 0.0112913589936225 0.00948255425094986 0.0485535462253335 0.0110193484233987;0.00796888607614459 0.0121618926905876 0.0121008366541724 0.0110193484233987 0.0492636010399803]intento: 80 tiempo: 0.011 [0.0510859271858975 0.0120785144392756 0.011426556695857 0.0105478142154498 0.00894180310958617;0.0120785144392756 0.0556344876501258 0.0129793652559423 0.0129931673938205 0.0117832326478499;0.011426556695857 0.0129793652559423 0.0517812160883491 0.0108397941987159 0.00976333990141017;0.0105478142154498 0.0129931673938205 0.0108397941987159 0.0507954715288965 0.0107253841189559;0.00894180310958617 0.0117832326478499 0.00976333990141017 0.0107253841189559 0.0496303502510258]intento: 82 tiempo: 0.012 [0.0540891090189522 0.0126563913850883 0.00765950927659264 0.0116907653348957 0.012650767743653;0.0126563913850883 0.0504332468298152 0.00758058794766481 0.0109242395404849 0.00966950403063408;0.00765950927659264 0.00758058794766481 0.0495999477911871 0.0081434326743318 0.0118812601954416;0.0116907653348957 0.0109242395404849 0.0081434326743318 0.0512117554015817 0.0113488535982166;0.012650767743653 0.00966950403063408 0.0118812601954416 0.0113488535982166 0.0538834715279609]intento: 84 tiempo: 0.012 [0.0468080365894932 0.0110537494542685 0.00863484680371887 0.0102360935720776 0.00986908972309999;0.0110537494542685 0.0515762744946073 0.0115260385582311 0.0121836857527244 0.00997411753700793;0.00863484680371887 0.0115260385582311 0.0538952598376311 0.0127556611389589 0.0110534842021537;0.0102360935720776 0.0121836857527244 0.0127556611389589 0.0536874963434095 0.0105336037314183;0.00986908972309999 0.00997411753700793 0.0110534842021537 0.0105336037314183 0.0495691614337831]intento: 86 tiempo: 0.012 [0.0504658830168673 0.0106016743500924 0.0153900016506977 0.00728236077886881 0.00761779064979599;0.0106016743500924 0.0526451702884714 0.0122094851414924 0.00834189971461657 0.011350244490583;0.0153900016506977 0.0122094851414924 0.0613017516641529 0.0121006229243077 0.0159538647802636;0.00728236077886881 0.00834189971461657 0.0121006229243077 0.05340321019567 0.012937636894406;0.00761779064979599 0.011350244490583 0.0159538647802636 0.012937636894406 0.0591597738142253]intento: 88 tiempo: 0.011 [0.0527712811874642 0.0126530412524467 0.0127700519877928 0.0124980672283609 0.011428351512271;0.0126530412524467 0.0561734659413517 0.00978342049088433 0.0124677487800001 0.0111041546445055;0.0127700519877928 0.00978342049088433 0.0504374297384547 0.00783749377459799 0.00842443313076316;0.0124980672283609 0.0124677487800001 0.00783749377459799 0.0522521633330812 0.00819924695338347;0.011428351512271 0.0111041546445055 0.00842443313076316 0.00819924695338347 0.0476775200746257]intento: 90 tiempo: 0.012 [0.073163756659201 0.0191475507108379 0.0162583128539491 0.0234048889340147 0.0148404097413353;0.0191475507108379 0.0777666482628643 0.0223120752246081 0.0229865702501744 0.0206951697512377;0.0162583128539491 0.0223120752246081 0.0805827986966082 0.0221007057745893 0.018055396476089;0.0234048889340147 0.0229865702501744 0.0221007057745893 0.0917531417360793 0.0196527320820127;0.0148404097413353 0.0206951697512377 0.018055396476089 0.0196527320820127 0.0765036953034401]intento: 92 tiempo: 0.011 [0.0556646255077767 0.012599312204488 0.0103298068884102 0.0118720868780077 0.0124638493893946;0.012599312204488 0.0619641911331995 0.0160374452302122 0.0160260361792281 0.0119810569790254;0.0103298068884102 0.0160374452302122 0.055137096840625 0.0172076157048276 0.0102926174632554;0.0118720868780077 0.0160260361792281 0.0172076157048276 0.0577425006007087 0.0113505915402471;0.0124638493893946 0.0119810569790254 0.0102926174632554 0.0113505915402471 0.0518141034140524]intento: 94 tiempo: 0.012 [0.08088526249512 0.0196041706476431 0.0271594662338372 0.0174900997557483 0.0188308007944312;0.0196041706476431 0.0715065344515367 0.0152724816792047 0.0113724238756176 0.0122032035582693;0.0271594662338372 0.0152724816792047 0.0725251791007617 0.0172511526050078 0.0173958170159772;0.0174900997557483 0.0113724238756176 0.0172511526050078 0.0716151868624126 0.0177391496007992;0.0188308007944312 0.0122032035582693 0.0173958170159772 0.0177391496007992 0.0650620116716269]intento: 96 tiempo: 0.012 [0.0653396357989726 0.00888520789740766 0.0185122225132347 0.0162780451257946 0.0156610620331655;0.00888520789740766 0.0630208723630456 0.0118720360783225 0.0131035402385666 0.00833158891145387;0.0185122225132347 0.0118720360783225 0.0613775582683693 0.0203294310542703 0.0142139174549998;0.0162780451257946 0.0131035402385666 0.0203294310542703 0.0610016969061297 0.0153245299321838;0.0156610620331655 0.00833158891145387 0.0142139174549998 0.0153245299321838 0.05826379686683]intento: 98 tiempo: 0.012 [0.0587504199167713 0.0151610597494926 0.0155931514737057 0.013203174142931 0.013335930632967;0.0151610597494926 0.0516420707872034 0.0129783335204312 0.0121516806922525 0.0120089456810576;0.0155931514737057 0.0129783335204312 0.0581085572232435 0.0141360512778465 0.010573736353695;0.013203174142931 0.0121516806922525 0.0141360512778465 0.0550623322673886 0.00963903218641314;0.013335930632967 0.0120089456810576 0.010573736353695 0.00963903218641314 0.0551675270231328]intento: 100 tiempo: 0.012 [0.0579102623949268 0.0119577894956236 0.0126527175273543 0.0117901164387785 0.0144679892074705;0.0119577894956236 0.0538001660477457 0.00739729043491847 0.00865801622925518 0.0120928750354949;0.0126527175273543 0.00739729043491847 0.0570977185254003 0.0106851404331351 0.0127866916391315;0.0117901164387785 0.00865801622925518 0.0106851404331351 0.0502692976212183 0.0136110840962836;0.0144679892074705 0.0120928750354949 0.0127866916391315 0.0136110840962836 0.0548822567034495]intento: 102 tiempo: 0.012 [0.0485532586309297 0.0104969692939792 0.0114797717257775 0.0111125767704722 0.0125593075587673;0.0104969692939792 0.0552327373521313 0.0114202002901194 0.0120135656770186 0.0141511192176959;0.0114797717257775 0.0114202002901194 0.0490710299815682 0.0083060575655046 0.00896052593024723;0.0111125767704722 0.0120135656770186 0.0083060575655046 0.0467019488215211 0.0104941467243063;0.0125593075587673 0.0141511192176959 0.00896052593024723 0.0104941467243063 0.0532111703963469]intento: 104 tiempo: 0.012 [0.0489739137390095 0.0107246314008508 0.012455508570208 0.0111722436313378 0.0128847649030947;0.0107246314008508 0.0506351401610526 0.0090805556943995 0.010367480336982 0.00963001313571381;0.012455508570208 0.0090805556943995 0.0523138602336229 0.0115256583690948 0.0109963481033074;0.0111722436313378 0.010367480336982 0.0115256583690948 0.0501900474285989 0.0106156350606506;0.0128847649030947 0.00963001313571381 0.0109963481033074 0.0106156350606506 0.0559277383513741]intento: 106 tiempo: 0.012 [0.053071828204324 0.0135667880534455 0.0136495701778462 0.0074290367328524 0.0145354046238535;0.0135667880534455 0.0559555516332547 0.0150843053528738 0.0077502270961823 0.0149713431317306;0.0136495701778462 0.0150843053528738 0.0583505322920765 0.00907717998793637 0.0126274060398464;0.0074290367328524 0.0077502270961823 0.00907717998793637 0.0476030742124197 0.0096595200387778;0.0145354046238535 0.0149713431317306 0.0126274060398464 0.0096595200387778 0.0535159634350711]intento: 108 tiempo: 0.013 [0.0612478020296147 0.0142465203874257 0.0157552884857059 0.0115093024735495 0.0162145322600435;0.0142465203874257 0.0611532551114716 0.0159906669891825 0.0146910858216652 0.0162012816866256;0.0157552884857059 0.0159906669891825 0.0666997148739321 0.0195243301941076 0.0150445291057802;0.0115093024735495 0.0146910858216652 0.0195243301941076 0.0629740301345999 0.0134115999019746;0.0162145322600435 0.0162012816866256 0.0150445291057802 0.0134115999019746 0.0620103517162572]intento: 110 tiempo: 0.012 [0.0483194605659498 0.0094522668833061 0.00862224611737842 0.0118483098787593 0.0117377805089886;0.0094522668833061 0.0508277292529845 0.0106738462386502 0.0123074304790507 0.0123924350851881;0.00862224611737842 0.0106738462386502 0.0550118894519308 0.0128582871955897 0.0116548496219229;0.0118483098787593 0.0123074304790507 0.0128582871955897 0.0559646658086515 0.0137131389653099;0.0117377805089886 0.0123924350851881 0.0116548496219229 0.0137131389653099 0.0541336852279077]intento: 112 tiempo: 0.012 [0.0623633963532005 0.0150212974884329 0.0199437994365977 0.0137458376294286 0.0145526406187638;0.0150212974884329 0.0658943621434875 0.0206141389832064 0.0137735270222645 0.0144383898587094;0.0199437994365977 0.0206141389832064 0.0721755358122253 0.0148000547829219 0.0133542628339108;0.0137458376294286 0.0137735270222645 0.0148000547829219 0.0594567658978337 0.0145215655199184;0.0145526406187638 0.0144383898587094 0.0133542628339108 0.0145215655199184 0.0585678517267679]intento: 114 tiempo: 0.012 [0.0524051570888623 0.0160163845690353 0.0100318476504172 0.0108261406231862 0.00851253501888206;0.0160163845690353 0.0611775253638437 0.0125423384187056 0.0171420876232445 0.0128358378780373;0.0100318476504172 0.0125423384187056 0.0531928440929165 0.00883356668071542 0.00845921394111178;0.0108261406231862 0.0171420876232445 0.00883356668071542 0.0517132047915073 0.0087166053819038;0.00851253501888206 0.0128358378780373 0.00845921394111178 0.0087166053819038 0.048173184689201]intento: 116 tiempo: 0.013 [0.0537965126152308 0.0106313911322574 0.0104460310015073 0.0105784864388216 0.010383287293337;0.0106313911322574 0.0554305178787942 0.0141532028003829 0.0155091815636923 0.0128863883096675;0.0104460310015073 0.0141532028003829 0.0562738928260877 0.0134015624350066 0.0119392618056071;0.0105784864388216 0.0155091815636923 0.0134015624350066 0.055266477684466 0.0117575632090641;0.010383287293337 0.0128863883096675 0.0119392618056071 0.0117575632090641 0.0546444830943971]intento: 118 tiempo: 0.012 [0.0718707638125334 0.0206369484464808 0.0164849556149447 0.0153741016391003 0.0153506176437659;0.0206369484464808 0.0748818568180853 0.0147419105254958 0.0163131317309168 0.017195180021295;0.0164849556149447 0.0147419105254958 0.0570375373165633 0.0116076851691266 0.00960373418003438;0.0153741016391003 0.0163131317309168 0.0116076851691266 0.0663062746071918 0.0140132901594014;0.0153506176437659 0.017195180021295 0.00960373418003438 0.0140132901594014 0.0695879497510006]intento: 120 tiempo: 0.012 [0.0651409529421235 0.012972318916162 0.013665115542799 0.0149983063112026 0.0161760530609112;0.012972318916162 0.0537526531572519 0.0114923987761519 0.012294997430123 0.0127172316639281;0.013665115542799 0.0114923987761519 0.0521812737119024 0.0101353837059073 0.00960832254948083;0.0149983063112026 0.012294997430123 0.0101353837059073 0.0545933782999106 0.0124093364200739;0.0161760530609112 0.0127172316639281 0.00960832254948083 0.0124093364200739 0.056870929189148]intento: 122 tiempo: 0.013 [0.0529875059576013 0.012177014649339 0.0101657468906629 0.0127446924575437 0.0131035647975796;0.012177014649339 0.0553427769681692 0.0107625861914104 0.0139334280536558 0.016538347189982;0.0101657468906629 0.0107625861914104 0.0482869275437925 0.00899343926835896 0.00991967155119021;0.0127446924575437 0.0139334280536558 0.00899343926835896 0.0551069740329324 0.0149281424124086;0.0131035647975796 0.016538347189982 0.00991967155119021 0.0149281424124086 0.0578691442454188]intento: 124 tiempo: 0.012 [0.0517603703974045 0.0120294299973764 0.00949201488241281 0.00810079572130416 0.0118185848874542;0.0120294299973764 0.0502379667839092 0.0139540101183534 0.00873665233912036 0.0137662381234651;0.00949201488241281 0.0139540101183534 0.0536091131564081 0.0100817291564875 0.011021974789901;0.00810079572130416 0.00873665233912036 0.0100817291564875 0.0479113898617496 0.00888526158155354;0.0118185848874542 0.0137662381234651 0.011021974789901 0.00888526158155354 0.0550545114896173]intento: 126 tiempo: 0.012 [0.0541338535021434 0.0136674955787182 0.0110591838638493 0.0124854607200367 0.0126511551078045;0.0136674955787182 0.0559955507381975 0.0112683818163819 0.0116739244803281 0.0141584484635028;0.0110591838638493 0.0112683818163819 0.0576216111865076 0.0129672544636885 0.0129035549762679;0.0124854607200367 0.0116739244803281 0.0129672544636885 0.0595371302536363 0.0143634645474074;0.0126511551078045 0.0141584484635028 0.0129035549762679 0.0143634645474074 0.0564255752867597]intento: 128 tiempo: 0.012 [0.058270108575621 0.00848278230813659 0.0132719209138607 0.0157619341270136 0.0121272589575209;0.00848278230813659 0.0522899365652634 0.010769648404506 0.0106002149227384 0.0109635820480566;0.0132719209138607 0.010769648404506 0.0590065598247307 0.0124819036760164 0.0135951855254098;0.0157619341270136 0.0106002149227384 0.0124819036760164 0.0569345259776079 0.0134234121473246;0.0121272589575209 0.0109635820480566 0.0135951855254098 0.0134234121473246 0.0530871260029651]intento: 130 tiempo: 0.012 [0.0500520592011974 0.0119734073777107 0.0129256245257867 0.0120872708988184 0.0112205789118372;0.0119734073777107 0.0557294161242324 0.0107112185640588 0.0113321371430545 0.0130443104964632;0.0129256245257867 0.0107112185640588 0.0522952175471823 0.0110341801039113 0.01325833272376;0.0120872708988184 0.0113321371430545 0.0110341801039113 0.0535179189186889 0.0104919552173545;0.0112205789118372 0.0130443104964632 0.01325833272376 0.0104919552173545 0.0541177640664613]intento: 132 tiempo: 0.012 [0.0530119552731457 0.0117864345943974 0.0128623598676507 0.010742963893735 0.00997164216535118;0.0117864345943974 0.0644029324455577 0.0195111646659888 0.0169414136183593 0.0147524805558931;0.0128623598676507 0.0195111646659888 0.0645902495806375 0.0135795132693996 0.0154642321104133;0.010742963893735 0.0169414136183593 0.0135795132693996 0.0622500289204553 0.0155326868358996;0.00997164216535118 0.0147524805558931 0.0154642321104133 0.0155326868358996 0.0562685928334752]intento: 134 tiempo: 0.013 [0.0543029588000695 0.0116745312973201 0.00911759276996308 0.0110793881399156 0.0100009507974038;0.0116745312973201 0.0543164378562751 0.0138311439337064 0.0132188961062056 0.0110834147570795;0.00911759276996308 0.0138311439337064 0.0596041132944035 0.0141353393144382 0.0138545056357369;0.0110793881399156 0.0132188961062056 0.0141353393144382 0.0534395068330513 0.0103891088014605;0.0100009507974038 0.0110834147570795 0.0138545056357369 0.0103891088014605 0.049633092830049]intento: 136 tiempo: 0.012 [0.0482684466030142 0.0104420473169976 0.0101226846728384 0.00944570946478353 0.00903041850289077;0.0104420473169976 0.046780356837516 0.00890508409545998 0.00827327531203259 0.00836407440920503;0.0101226846728384 0.00890508409545998 0.0503992832930595 0.00964249546274406 0.00967307811554573;0.00944570946478353 0.00827327531203259 0.00964249546274406 0.0453176952207636 0.00961401807681959;0.00903041850289077 0.00836407440920503 0.00967307811554573 0.00961401807681959 0.0450852138196206]intento: 138 tiempo: 0.012 [0.0603902669493319 0.0129275884784633 0.0189863418511378 0.0125110592251757 0.0120597715739023;0.0129275884784633 0.0635769606855734 0.014389115066817 0.012910412184975 0.0164234197186819;0.0189863418511378 0.014389115066817 0.0648012451108234 0.0154713507709401 0.0126495530165494;0.0125110592251757 0.012910412184975 0.0154713507709401 0.05636769931984 0.0130436097126684;0.0120597715739023 0.0164234197186819 0.0126495530165494 0.0130436097126684 0.0608337059591132]intento: 140 tiempo: 0.012 [0.0701582244216547 0.0123451150363383 0.0189097766496382 0.0166428326178694 0.0157340918554094;0.0123451150363383 0.0696521439468584 0.0127477983825253 0.0185081467684657 0.0164193360773866;0.0189097766496382 0.0127477983825253 0.0702010032242006 0.0169507242087086 0.0168749281158519;0.0166428326178694 0.0185081467684657 0.0169507242087086 0.0683120246036102 0.014596434853123;0.0157340918554094 0.0164193360773866 0.0168749281158519 0.014596434853123 0.0671390873024044]intento: 142 tiempo: 0.013 [0.0478541123897651 0.00888094992537139 0.013266152737649 0.00972201129826091 0.00979385897576822;0.00888094992537139 0.0497361895645706 0.00929998129628293 0.0100601384400119 0.0118745578784874;0.013266152737649 0.00929998129628293 0.053283070031613 0.0136972790534979 0.0118124982141444;0.00972201129826091 0.0100601384400119 0.0136972790534979 0.0478462466498699 0.0115154451417586;0.00979385897576822 0.0118745578784874 0.0118124982141444 0.0115154451417586 0.0529572308719353]intento: 144 tiempo: 0.012 [0.0525475884037027 0.00974306114689131 0.0138049699231964 0.0116161582925704 0.00923492790040838;0.00974306114689131 0.0586142184680123 0.0161717710715561 0.00965643918669979 0.00974236957183428;0.0138049699231964 0.0161717710715561 0.063323305975529 0.016054596135922 0.0100764367280515;0.0116161582925704 0.00965643918669979 0.016054596135922 0.0532424845709807 0.0120920454021425;0.00923492790040838 0.00974236957183428 0.0100764367280515 0.0120920454021425 0.0543885810366774]intento: 146 tiempo: 0.012 [0.0499593032229648 0.0118832036819809 0.00931352230377731 0.00842850865346288 0.00997569962907341;0.0118832036819809 0.05341533491442 0.0111677531817729 0.0113270007589726 0.0103095499207088;0.00931352230377731 0.0111677531817729 0.0466875453594918 0.010193735982505 0.0109434512055277;0.00842850865346288 0.0113270007589726 0.010193735982505 0.0490340849803508 0.00984562943951221;0.00997569962907341 0.0103095499207088 0.0109434512055277 0.00984562943951221 0.0529891103853192]intento: 148 tiempo: 0.011 [0.0560929098356585 0.012862697030579 0.0139933711310942 0.0118763688732834 0.0132272021292709;0.012862697030579 0.0530386322259148 0.0132243531613555 0.0111827407012264 0.01045427016886;0.0139933711310942 0.0132243531613555 0.0587956864986295 0.0124799026252653 0.0156078009307102;0.0118763688732834 0.0111827407012264 0.0124799026252653 0.0509668641161199 0.0110679954425015;0.0132272021292709 0.01045427016886 0.0156078009307102 0.0110679954425015 0.0532130183118764]intento: 150 tiempo: 0.013 [0.0499479899817455 0.0097333401194093 0.0114997506310409 0.00984977026708678 0.00734302664033134;0.0097333401194093 0.0510016539513186 0.0127242832331135 0.0129709403365165 0.0107134081705502;0.0114997506310409 0.0127242832331135 0.0586268996765207 0.0153271369594024 0.0126362320638773;0.00984977026708678 0.0129709403365165 0.0153271369594024 0.0550440445616241 0.00690314684849389;0.00734302664033134 0.0107134081705502 0.0126362320638773 0.00690314684849389 0.0502221791671621]intento: 152 tiempo: 0.012 [0.0501814015492859 0.0118724605228176 0.0114361570246584 0.0100531032620632 0.011714888040654;0.0118724605228176 0.0526134554827616 0.00944606599878759 0.0104860905226408 0.0140867856463108;0.0114361570246584 0.00944606599878759 0.0465121260154023 0.00808779574797406 0.0083326894830897;0.0100531032620632 0.0104860905226408 0.00808779574797406 0.0459854703200013 0.0111458981768163;0.011714888040654 0.0140867856463108 0.0083326894830897 0.0111458981768163 0.0517546406075981]intento: 154 tiempo: 0.012 [0.0553180021490144 0.0102105695990923 0.0138667998358228 0.0125781555892111 0.0154512942682238;0.0102105695990923 0.055597837046773 0.0117782380797063 0.0130540416402496 0.0132848439171964;0.0138667998358228 0.0117782380797063 0.0582216887967321 0.0160412282305556 0.0159911616218288;0.0125781555892111 0.0130540416402496 0.0160412282305556 0.0665694346708402 0.0182039369254235;0.0154512942682238 0.0132848439171964 0.0159911616218288 0.0182039369254235 0.0619390119056435]intento: 156 tiempo: 0.012 [0.053178357451845 0.0118612311300234 0.011844728700651 0.0107773697711864 0.0112157020036633;0.0118612311300234 0.0517578262766175 0.0110588326981636 0.010367035302858 0.0106438502066851;0.011844728700651 0.0110588326981636 0.0500053972339827 0.00992515313633463 0.0123890260656962;0.0107773697711864 0.010367035302858 0.00992515313633463 0.050111328913614 0.0117074836753387;0.0112157020036633 0.0106438502066851 0.0123890260656962 0.0117074836753387 0.055989807501025]intento: 158 tiempo: 0.012 [0.0585885878011071 0.0113991928557415 0.0131868685237076 0.0128830233840581 0.0163734610176331;0.0113991928557415 0.0563293744424234 0.0134666167312645 0.0133897592307806 0.0110777616216297;0.0131868685237076 0.0134666167312645 0.0563236420690647 0.0131339172892129 0.0164228128786321;0.0128830233840581 0.0133897592307806 0.0131339172892129 0.0529020315224957 0.0115297590448168;0.0163734610176331 0.0110777616216297 0.0164228128786321 0.0115297590448168 0.0558547912387588]intento: 160 tiempo: 0.011 [0.0671322443694569 0.022876194890996 0.0186224458521962 0.0156258521174832 0.0178177334765531;0.022876194890996 0.0705894241445069 0.0209444606677743 0.0164586596244075 0.0167588547824714;0.0186224458521