intento: 2 tiempo: 0.013 [0.0573761280262822 0.0157264146755997 0.014458509370921 0.0148039089113223 0.00965908497339726;0.0157264146755997 0.0637954517119367 0.0188343079479775 0.0145905546695679 0.0149542289603209;0.014458509370921 0.0188343079479775 0.059890165678719 0.0127362059239166 0.0108175463523446;0.0148039089113223 0.0145905546695679 0.0127362059239166 0.0625177700026222 0.00859211517533335;0.00965908497339726 0.0149542289603209 0.0108175463523446 0.00859211517533335 0.0573387253161677]intento: 4 tiempo: 0.012 [0.0687319359768445 0.010919866819641 0.0170536119455197 0.0142611960557496 0.0188320715007081;0.010919866819641 0.0593688492040379 0.0163546883444582 0.0074903608430378 0.0110877088326673;0.0170536119455197 0.0163546883444582 0.0683581177416941 0.0142928560428982 0.0167368109721403;0.0142611960557496 0.0074903608430378 0.0142928560428982 0.0551799902561271 0.0109955571396525;0.0188320715007081 0.0110877088326673 0.0167368109721403 0.0109955571396525 0.0676096237701309]intento: 6 tiempo: 0.012 [0.0566330650443845 0.0124298240431835 0.0150299470337668 0.0121958300004174 0.0140352636581782;0.0124298240431835 0.0589395954984314 0.0146535757518914 0.010771192100534 0.0146766340845284;0.0150299470337668 0.0146535757518914 0.0648337736504833 0.0144079737245046 0.015943491434139;0.0121958300004174 0.010771192100534 0.0144079737245046 0.053819298869642 0.015534235514417;0.0140352636581782 0.0146766340845284 0.015943491434139 0.015534235514417 0.0621208783869018]intento: 8 tiempo: 0.012 [0.0583297048423561 0.0153872578776464 0.0105126469901447 0.0135321183836441 0.012493239708775;0.0153872578776464 0.0555773626163995 0.0105372572889001 0.0112057423342945 0.0119905854572498;0.0105126469901447 0.0105372572889001 0.0508638485841695 0.0128581944766935 0.0106699065506579;0.0135321183836441 0.0112057423342945 0.0128581944766935 0.0607008216900518 0.0126176359441274;0.012493239708775 0.0119905854572498 0.0106699065506579 0.0126176359441274 0.0523806630901079]intento: 10 tiempo: 0.011 [0.0523087654898864 0.00884316447768222 0.0109227459833848 0.0105298919830438 0.00970516751967193;0.00884316447768222 0.0528067560201448 0.0117602295840763 0.0122830262022827 0.00922721514829433;0.0109227459833848 0.0117602295840763 0.0536329500037113 0.0140288934895628 0.0111695374441285;0.0105298919830438 0.0122830262022827 0.0140288934895628 0.0570860884415228 0.0143963060801694;0.00970516751967193 0.00922721514829433 0.0111695374441285 0.0143963060801694 0.0553802636504565]intento: 12 tiempo: 0.011 [0.0501950058947276 0.0153310949841755 0.0108091450329186 0.0127404385892859 0.0105752524001378;0.0153310949841755 0.0547595145431677 0.0101129876937576 0.0134957448354917 0.0107065392771878;0.0108091450329186 0.0101129876937576 0.048505744736298 0.010240156906436 0.0102561887337721;0.0127404385892859 0.0134957448354917 0.010240156906436 0.0568434895394613 0.00992282644513726;0.0105752524001378 0.0107065392771878 0.0102561887337721 0.00992282644513726 0.0517701534530312]intento: 14 tiempo: 0.012 [0.0574751130476117 0.0148280240274973 0.0117406599683351 0.0124339954380885 0.0123051024596811;0.0148280240274973 0.0595772065485742 0.013515117928533 0.0122952880738464 0.0129827644660037;0.0117406599683351 0.013515117928533 0.0514851126623064 0.00813721220907164 0.00969721647632488;0.0124339954380885 0.0122952880738464 0.00813721220907164 0.0533352389335116 0.0130727109693602;0.0123051024596811 0.0129827644660037 0.00969721647632488 0.0130727109693602 0.0554834349716871]intento: 16 tiempo: 0.012 [0.0598786012089767 0.0123144096424261 0.01597142135477 0.0150870577384147 0.0158358053533541;0.0123144096424261 0.0603632757711204 0.0123607088718217 0.0150786523169217 0.0161435059786503;0.01597142135477 0.0123607088718217 0.0661206537573706 0.0219641269430188 0.0222661333801957;0.0150870577384147 0.0150786523169217 0.0219641269430188 0.0717143006059352 0.0189989189661444;0.0158358053533541 0.0161435059786503 0.0222661333801957 0.0189989189661444 0.0715908556046398]intento: 18 tiempo: 0.011 [0.0517207103145401 0.00819357695259645 0.0120544730066892 0.0117036732478931 0.0152295509016332;0.00819357695259645 0.0516354435532248 0.00768267185998863 0.00930912997346264 0.0112742764891119;0.0120544730066892 0.00768267185998863 0.0557891033794377 0.0113838699996371 0.0140842495419693;0.0117036732478931 0.00930912997346264 0.0113838699996371 0.0500667685141786 0.0128926270090255;0.0152295509016332 0.0112742764891119 0.0140842495419693 0.0128926270090255 0.0611425604360699]intento: 20 tiempo: 0.013 [0.0626429963871652 0.0168897949867726 0.0115675747619864 0.0157454262681368 0.0168481115164297;0.0168897949867726 0.0648782659919749 0.0162176309936338 0.0141512245617752 0.0169090801924484;0.0115675747619864 0.0162176309936338 0.0600181006879328 0.0125589736565731 0.0165761203468672;0.0157454262681368 0.0141512245617752 0.0125589736565731 0.0635127057272875 0.0195018163150991;0.0168481115164297 0.0169090801924484 0.0165761203468672 0.0195018163150991 0.0645143246406677]intento: 22 tiempo: 0.012 [0.0717508363698646 0.0174093195524299 0.0152102958039495 0.0191300582086012 0.0182027205855304;0.0174093195524299 0.0713842953019694 0.0191068728765682 0.0217725129824819 0.0196065351799371;0.0152102958039495 0.0191068728765682 0.0765494042949939 0.0209100707356972 0.0157961766031212;0.0191300582086012 0.0217725129824819 0.0209100707356972 0.0805062176392598 0.0183542137299646;0.0182027205855304 0.0196065351799371 0.0157961766031212 0.0183542137299646 0.0732592021568391]intento: 24 tiempo: 0.012 [0.051619652514875 0.008328551662624 0.00922009020243444 0.0126420778146689 0.0136121944753977;0.008328551662624 0.0459224760354579 0.00882488042948146 0.0101988528380906 0.00885278290858613;0.00922009020243444 0.00882488042948146 0.0545483578869418 0.0141528519037801 0.0123188190642771;0.0126420778146689 0.0101988528380906 0.0141528519037801 0.0580593927385683 0.013901866052545;0.0136121944753977 0.00885278290858613 0.0123188190642771 0.013901866052545 0.0538261883549264]intento: 26 tiempo: 0.012 [0.064445850782042 0.0166025416698375 0.016013143533687 0.0184694617579901 0.0153714579956396;0.0166025416698375 0.0682228596956319 0.0214512110817478 0.0163406573903508 0.0176284409324499;0.016013143533687 0.0214512110817478 0.067768314665757 0.0149571180680187 0.0167950222749372;0.0184694617579901 0.0163406573903508 0.0149571180680187 0.0668093082343085 0.0163445358118821;0.0153714579956396 0.0176284409324499 0.0167950222749372 0.0163445358118821 0.0610140728841282]intento: 28 tiempo: 0.012 [0.0719707185707294 0.0227330875901832 0.0216924444985989 0.0134950312082473 0.0185901671852274;0.0227330875901832 0.0820631358886996 0.0314898178055744 0.0208456579676145 0.021876920793676;0.0216924444985989 0.0314898178055744 0.0869244324185157 0.0220225386323068 0.0287796761093079;0.0134950312082473 0.0208456579676145 0.0220225386323068 0.081200001864653 0.0216768004730001;0.0185901671852274 0.021876920793676 0.0287796761093079 0.0216768004730001 0.0763290646227153]intento: 30 tiempo: 0.011 [0.0559137956251542 0.0154415157025472 0.0109299206457043 0.0145646560922947 0.0114241682350271;0.0154415157025472 0.0615020352344345 0.00994909248187812 0.014009358259486 0.013933576767371;0.0109299206457043 0.00994909248187812 0.051376910598665 0.0140686206327246 0.00757078548686677;0.0145646560922947 0.014009358259486 0.0140686206327246 0.056042966472026 0.0108534227607652;0.0114241682350271 0.013933576767371 0.00757078548686677 0.0108534227607652 0.0532403528580723]intento: 32 tiempo: 0.013 [0.0601688571237889 0.0119394051828071 0.0134474534626458 0.0112180425534667 0.0134301288899501;0.0119394051828071 0.0570635915760707 0.011986654940801 0.0123131404970729 0.0106133417862987;0.0134474534626458 0.011986654940801 0.0515069944890796 0.00937693899134846 0.0093393534866924;0.0112180425534667 0.0123131404970729 0.00937693899134846 0.0563111350377295 0.0122640059047017;0.0134301288899501 0.0106133417862987 0.0093393534866924 0.0122640059047017 0.0510381846372885]intento: 34 tiempo: 0.011 [0.0558371501710516 0.0127625055225295 0.0139385997456709 0.0144809332841481 0.0111541163677399;0.0127625055225295 0.0581579945366056 0.010894894684745 0.0130783376752894 0.0134799911220429;0.0139385997456709 0.010894894684745 0.0567964652415522 0.0112042845706179 0.0122461357787745;0.0144809332841481 0.0130783376752894 0.0112042845706179 0.0562680825408756 0.0112442048781966;0.0111541163677399 0.0134799911220429 0.0122461357787745 0.0112442048781966 0.059692090087536]intento: 36 tiempo: 0.013 [0.0724650054004845 0.0188564261619622 0.0157432414042703 0.0141898612869619 0.0177228928887557;0.0188564261619622 0.0734194162395581 0.0169257967641277 0.0158179563430362 0.0184039508137454;0.0157432414042703 0.0169257967641277 0.0656901891248444 0.0140634422429912 0.0202574910892054;0.0141898612869619 0.0158179563430362 0.0140634422429912 0.0637138567690613 0.016928260694667;0.0177228928887557 0.0184039508137454 0.0202574910892054 0.016928260694667 0.0749362069940755]intento: 38 tiempo: 0.014 [0.053691140819579 0.0126159599110667 0.0108632488452588 0.015342467261851 0.00831642028006531;0.0126159599110667 0.0523166712897573 0.0105083482565739 0.0142767333770476 0.00983171965454227;0.0108632488452588 0.0105083482565739 0.0523405766228108 0.012554385088428 0.0103577664570939;0.015342467261851 0.0142767333770476 0.012554385088428 0.0613505179894278 0.0146069849236156;0.00831642028006531 0.00983171965454227 0.0103577664570939 0.0146069849236156 0.0554302138385771]intento: 40 tiempo: 0.012 [0.0645387906940615 0.017393228868927 0.0148371344542248 0.0174825932924133 0.0156046842424115;0.017393228868927 0.0566739541923521 0.0129585657395447 0.0132142103148826 0.0126958266839264;0.0148371344542248 0.0129585657395447 0.0536292962568296 0.0124781205918239 0.0125768066498828;0.0174825932924133 0.0132142103148826 0.0124781205918239 0.0550522851217883 0.0131661065586479;0.0156046842424115 0.0126958266839264 0.0125768066498828 0.0131661065586479 0.056449841850421]intento: 42 tiempo: 0.013 [0.0471176512738676 0.00876574401781229 0.0108141455448023 0.0089752555714799 0.0118751781398343;0.00876574401781229 0.048404062269006 0.00963075346168924 0.0105184870110962 0.00794115296550412;0.0108141455448023 0.00963075346168924 0.0520138980865404 0.0119448175860907 0.0129020706025893;0.0089752555714799 0.0105184870110962 0.0119448175860907 0.0515576771346706 0.011838357897738;0.0118751781398343 0.00794115296550412 0.0129020706025893 0.011838357897738 0.0554169339701296]intento: 44 tiempo: 0.013 [0.0586656131096269 0.0129935004622432 0.0140721187281974 0.0147112241469402 0.0147069901417614;0.0129935004622432 0.0607959785380789 0.0111499456649119 0.0126168368830982 0.0128625074682132;0.0140721187281974 0.0111499456649119 0.0533957808359472 0.0119946792636659 0.0118872186675681;0.0147112241469402 0.0126168368830982 0.0119946792636659 0.0617180955144203 0.0113966248917011;0.0147069901417614 0.0128625074682132 0.0118872186675681 0.0113966248917011 0.0591428371275522]intento: 46 tiempo: 0.013 [0.058501721318538 0.010276944897809 0.0184798402535669 0.0129824762972424 0.0167088602660827;0.010276944897809 0.0499060285020369 0.00929092898984239 0.00740158800169884 0.00990320457735382;0.0184798402535669 0.00929092898984239 0.0633067387830645 0.0147433183833173 0.0157124802302759;0.0129824762972424 0.00740158800169884 0.0147433183833173 0.0550919166936865 0.0143920943081798;0.0167088602660827 0.00990320457735382 0.0157124802302759 0.0143920943081798 0.0582254085648618]intento: 48 tiempo: 0.012 [0.0777417385501556 0.0218245753879735 0.0193323378923543 0.0173799105454026 0.0272032453451965;0.0218245753879735 0.0658560883720268 0.0127583873355429 0.0117840063138495 0.0209664541735195;0.0193323378923543 0.0127583873355429 0.0718896798514628 0.0110206731933428 0.0152865384021546;0.0173799105454026 0.0117840063138495 0.0110206731933428 0.0671471880897583 0.0153967576611124;0.0272032453451965 0.0209664541735195 0.0152865384021546 0.0153967576611124 0.0727541477375773]intento: 50 tiempo: 0.013 [0.0503962568187889 0.0115740574974834 0.00860192009793687 0.00764140076914114 0.00737235160416876;0.0115740574974834 0.0525151124713892 0.0139971196077085 0.0124507261754233 0.011972841300536;0.00860192009793687 0.0139971196077085 0.0547603548771826 0.0132039993007098 0.0101280632597025;0.00764140076914114 0.0124507261754233 0.0132039993007098 0.0521507755170449 0.0127005112711404;0.00737235160416876 0.011972841300536 0.0101280632597025 0.0127005112711404 0.0532980335538857]intento: 52 tiempo: 0.013 [0.0564935022619705 0.0126392225343843 0.0156027790780504 0.0128111536200646 0.0123931394819197;0.0126392225343843 0.0623514165936695 0.0183231565924688 0.014300667395504 0.0142115764297242;0.0156027790780504 0.0183231565924688 0.0636612589505902 0.0143940157288645 0.00964052886127735;0.0128111536200646 0.014300667395504 0.0143940157288645 0.0559979202598096 0.0107822324670676;0.0123931394819197 0.0142115764297242 0.00964052886127735 0.0107822324670676 0.0603179004359626]intento: 54 tiempo: 0.014 [0.0543600262624122 0.0127093352130397 0.0132352997571032 0.0139378755912108 0.0110041150894834;0.0127093352130397 0.0514856584879502 0.011610788215778 0.0130228604567519 0.0103891200542188;0.0132352997571032 0.011610788215778 0.0541853208490035 0.0129840886129132 0.0143645790367217;0.0139378755912108 0.0130228604567519 0.0129840886129132 0.0570730433027404 0.0129854085606407;0.0110041150894834 0.0103891200542188 0.0143645790367217 0.0129854085606407 0.0537621119746058]intento: 56 tiempo: 0.012 [0.0516623741160659 0.0118890504145085 0.0125409965740128 0.00941660697213356 0.0129159944703853;0.0118890504145085 0.0576990823807895 0.0134139412263776 0.0126981235848768 0.0146170381908364;0.0125409965740128 0.0134139412263776 0.0599444168544987 0.00923744851104789 0.0151802053622721;0.00941660697213356 0.0126981235848768 0.00923744851104789 0.0594030987281302 0.0125098737389602;0.0129159944703853 0.0146170381908364 0.0151802053622721 0.0125098737389602 0.0593617526620808]intento: 58 tiempo: 0.012 [0.0554866368385265 0.012476788063397 0.012238928266106 0.0124313649620966 0.0139029688864557;0.012476788063397 0.0614622657711324 0.0127975376054117 0.011978158534731 0.0186434104982003;0.012238928266106 0.0127975376054117 0.0580383291163243 0.0102431707065698 0.0107649554428283;0.0124313649620966 0.011978158534731 0.0102431707065698 0.0545771040215174 0.0139655739244604;0.0139029688864557 0.0186434104982003 0.0107649554428283 0.0139655739244604 0.06485027391239]intento: 60 tiempo: 0.012 [0.0650828007823012 0.0191031945609166 0.0150843858636672 0.0136515953623588 0.0114633620002857;0.0191031945609166 0.0712742877185251 0.0220098473042466 0.0158250414173368 0.0105969680819117;0.0150843858636672 0.0220098473042466 0.0679850887110158 0.0133489125456961 0.0123810290249804;0.0136515953623588 0.0158250414173368 0.0133489125456961 0.063628684243915 0.0107735214702051;0.0114633620002857 0.0105969680819117 0.0123810290249804 0.0107735214702051 0.056432778182033]intento: 62 tiempo: 0.012 [0.060176108794855 0.0117938613308799 0.012572941726098 0.0178920222223494 0.00919293180421265;0.0117938613308799 0.0551581199873851 0.0140342382070056 0.0142690626042222 0.00823170740225103;0.012572941726098 0.0140342382070056 0.0570226944052348 0.0176510135364805 0.0101948046525842;0.0178920222223494 0.0142690626042222 0.0176510135364805 0.0677043628023019 0.0111094508257353;0.00919293180421265 0.00823170740225103 0.0101948046525842 0.0111094508257353 0.0530689246202813]intento: 64 tiempo: 0.012 [0.0479452995882878 0.0116722020619656 0.0108652354246352 0.0102101185725057 0.00842741950487323;0.0116722020619656 0.0547021964414971 0.0115802510650369 0.0115156133257554 0.0106253245742544;0.0108652354246352 0.0115802510650369 0.0512691111782445 0.0104293519314132 0.00902242231210918;0.0102101185725057 0.0115156133257554 0.0104293519314132 0.0487372138350473 0.00921598556805123;0.00842741950487323 0.0106253245742544 0.00902242231210918 0.00921598556805123 0.0470532466107419]intento: 66 tiempo: 0.012 [0.0678832766678453 0.0149250091267184 0.0177686229967429 0.0171685196792034 0.0191905557002404;0.0149250091267184 0.064047752377079 0.0152227398112227 0.0128320327877415 0.0144793354295806;0.0177686229967429 0.0152227398112227 0.0635597376813776 0.0177723896684014 0.0161843660968399;0.0171685196792034 0.0128320327877415 0.0177723896684014 0.0663102198826499 0.0190852494164448;0.0191905557002404 0.0144793354295806 0.0161843660968399 0.0190852494164448 0.0730201061648525]intento: 68 tiempo: 0.012 [0.049516269764936 0.0101065826649051 0.00884542331540972 0.00920842358549987 0.00838523934066101;0.0101065826649051 0.0541506890151055 0.0152792007627042 0.0134675589470918 0.00761419912867545;0.00884542331540972 0.0152792007627042 0.0532803717134192 0.0133456153118692 0.0110343703931345;0.00920842358549987 0.0134675589470918 0.0133456153118692 0.0530254288819088 0.0106709931782683;0.00838523934066101 0.00761419912867545 0.0110343703931345 0.0106709931782683 0.049101797052737]intento: 70 tiempo: 0.012 [0.0521103740350558 0.0126364256101262 0.00835866812452508 0.0109522702008193 0.0135939945754818;0.0126364256101262 0.0602087161940575 0.014154788055596 0.0128852664005635 0.0139554636633122;0.00835866812452508 0.014154788055596 0.0581945714619976 0.0138123446494796 0.0164663441217493;0.0109522702008193 0.0128852664005635 0.0138123446494796 0.0530819953910859 0.0135765859947196;0.0135939945754818 0.0139554636633122 0.0164663441217493 0.0135765859947196 0.0618830518349009]intento: 72 tiempo: 0.012 [0.0642487140705033 0.0146645951881897 0.0146818144291651 0.0193131999086815 0.018996199953122;0.0146645951881897 0.0769658683761307 0.0154965250402504 0.0176120872769365 0.0206876905293518;0.0146818144291651 0.0154965250402504 0.0737337137606308 0.0192067853394672 0.0202646114506798;0.0193131999086815 0.0176120872769365 0.0192067853394672 0.0723214930482927 0.0227029339002041;0.018996199953122 0.0206876905293518 0.0202646114506798 0.0227029339002041 0.0822354304262226]intento: 74 tiempo: 0.012 [0.0504857811480665 0.00857664858757136 0.012120167774179 0.0131919316452018 0.0120039000833817;0.00857664858757136 0.0454246998322933 0.0085571335249984 0.010379299247667 0.00708618515647412;0.012120167774179 0.0085571335249984 0.055051340960403 0.0148078749923781 0.0131905700937654;0.0131919316452018 0.010379299247667 0.0148078749923781 0.0542071782171721 0.0106642118605038;0.0120039000833817 0.00708618515647412 0.0131905700937654 0.0106642118605038 0.0511594410709631]intento: 76 tiempo: 0.012 [0.0536449673357684 0.0143944839807589 0.00927124341074489 0.011624390517686 0.0123429882572477;0.0143944839807589 0.0636875833201589 0.0136476992777908 0.0138094652623825 0.0151905208612808;0.00927124341074489 0.0136476992777908 0.0532546405598409 0.0107095660781017 0.0135189456278814;0.011624390517686 0.0138094652623825 0.0107095660781017 0.0555267255236888 0.0139314368055534;0.0123429882572477 0.0151905208612808 0.0135189456278814 0.0139314368055534 0.0595357363186362]intento: 78 tiempo: 0.012 [0.055747608265025 0.0113411767570128 0.014676147684866 0.0126198685412363 0.0144722281352385;0.0113411767570128 0.0505984915327504 0.0138750135268192 0.00906130893568508 0.0118838856878086;0.014676147684866 0.0138750135268192 0.0542799353886837 0.0115467018520549 0.0152594245133074;0.0126198685412363 0.00906130893568508 0.0115467018520549 0.0509571946937082 0.0123550262862869;0.0144722281352385 0.0118838856878086 0.0152594245133074 0.0123550262862869 0.0518388053506903]intento: 80 tiempo: 0.012 [0.0609010202804074 0.0143999027270953 0.0133998031963846 0.0131507902310607 0.0140264790331306;0.0143999027270953 0.0556833371426579 0.0107954910813289 0.0134270800738121 0.0141763843438821;0.0133998031963846 0.0107954910813289 0.0518875158740956 0.0127791841373507 0.0107631577996137;0.0131507902310607 0.0134270800738121 0.0127791841373507 0.0559900119902362 0.0156074187932735;0.0140264790331306 0.0141763843438821 0.0107631577996137 0.0156074187932735 0.056438887427676]intento: 82 tiempo: 0.012 [0.0588069962575519 0.0121835566944389 0.0166690169936944 0.0107346186481545 0.0132709155401463;0.0121835566944389 0.0602650815765151 0.0182225889599257 0.0113720172382069 0.0118220832592988;0.0166690169936944 0.0182225889599257 0.0674188719500147 0.0151182809776209 0.0161174294206057;0.0107346186481545 0.0113720172382069 0.0151182809776209 0.0568793247657648 0.00989123133936942;0.0132709155401463 0.0118220832592988 0.0161174294206057 0.00989123133936942 0.0658988789509617]intento: 84 tiempo: 0.012 [0.0634672890415334 0.0155927611165623 0.0124389607965984 0.0149361160217783 0.0152897273250569;0.0155927611165623 0.0626814654106885 0.00668648315075584 0.0143373915586571 0.0157772302461733;0.0124389607965984 0.00668648315075584 0.0504014665851672 0.00703924505497372 0.00966645638854961;0.0149361160217783 0.0143373915586571 0.00703924505497372 0.0565422678833795 0.0129616549534687;0.0152897273250569 0.0157772302461733 0.00966645638854961 0.0129616549534687 0.058343771549256]intento: 86 tiempo: 0.012 [0.0634298081502417 0.0104454375960664 0.0159862077093183 0.0100264297667428 0.0181643110718701;0.0104454375960664 0.0572904984961005 0.0171189154607752 0.0117426855383459 0.0155132248575059;0.0159862077093183 0.0171189154607752 0.0742813497402243 0.0133046006421735 0.0253626523765304;0.0100264297667428 0.0117426855383459 0.0133046006421735 0.0580404471342383 0.0133909304541249;0.0181643110718701 0.0155132248575059 0.0253626523765304 0.0133909304541249 0.0766140674917008]intento: 88 tiempo: 0.013 [0.0629833083546662 0.013072100970303 0.0173206231601495 0.0140023442083221 0.0169796994719233;0.013072100970303 0.0585581399554233 0.0108272271922498 0.0122902367376836 0.00819317810924901;0.0173206231601495 0.0108272271922498 0.0648563473461749 0.0147014195348522 0.0149014644626698;0.0140023442083221 0.0122902367376836 0.0147014195348522 0.0630216478365936 0.0135545700334161;0.0169796994719233 0.00819317810924901 0.0149014644626698 0.0135545700334161 0.0594550571268583]intento: 90 tiempo: 0.013 [0.0577428769092971 0.0162256906239522 0.0162849041089577 0.0132627400289895 0.0140932416132564;0.0162256906239522 0.0639595740836015 0.0175806917061113 0.0100103986378393 0.019149911389959;0.0162849041089577 0.0175806917061113 0.0681226804816133 0.0157033576890085 0.015938253797863;0.0132627400289895 0.0100103986378393 0.0157033576890085 0.0567227909103803 0.0117107554649251;0.0140932416132564 0.019149911389959 0.015938253797863 0.0117107554649251 0.0602475509243118]intento: 92 tiempo: 0.012 [0.0529019107863602 0.00897386102694551 0.0105215859844936 0.0117621882746014 0.00839991110404946;0.00897386102694551 0.0512011941919038 0.0126010604797959 0.0117749734114681 0.00900027544238635;0.0105215859844936 0.0126010604797959 0.0542005624974482 0.0131876750107481 0.0101141172228125;0.0117621882746014 0.0117749734114681 0.0131876750107481 0.054419235169835 0.00733274026067027;0.00839991110404946 0.00900027544238635 0.0101141172228125 0.00733274026067027 0.0488797608840537]intento: 94 tiempo: 0.012 [0.0543327620966362 0.0113231228152137 0.0124984528237064 0.012757463345009 0.0114952686281529;0.0113231228152137 0.0559690402592935 0.0137655172917421 0.0136355069678055 0.0109101574337925;0.0124984528237064 0.0137655172917421 0.0586849071183762 0.0126208780592498 0.0144626605068184;0.012757463345009 0.0136355069678055 0.0126208780592498 0.0529023869375924 0.0107609085488392;0.0114952686281529 0.0109101574337925 0.0144626605068184 0.0107609085488392 0.0522887837900078]intento: 96 tiempo: 0.012 [0.0619813082303541 0.0132145812666532 0.0183147924871105 0.0178044773034054 0.010988274396876;0.0132145812666532 0.0683309392220473 0.0131950658330777 0.0149826066212673 0.0117913264479372;0.0183147924871105 0.0131950658330777 0.0663506032332075 0.0202181724740306 0.0112428840619794;0.0178044773034054 0.0149826066212673 0.0202181724740306 0.0643929932951181 0.0120497225324411;0.010988274396876 0.0117913264479372 0.0112428840619794 0.0120497225324411 0.0586808049486473]intento: 98 tiempo: 0.012 [0.0480616683889759 0.0086535199077443 0.0096667450648537 0.0115385458195973 0.00982147050688634;0.0086535199077443 0.0455675771862979 0.00760846495731637 0.00895180843865854 0.0100561988456935;0.0096667450648537 0.00760846495731637 0.0512534429629585 0.0124487031730773 0.0095539102591178;0.0115385458195973 0.00895180843865854 0.0124487031730773 0.0476630409135307 0.010520966651785;0.00982147050688634 0.0100561988456935 0.0095539102591178 0.010520966651785 0.0475692104428346]intento: 100 tiempo: 0.012 [0.057268161243783 0.0120609605314919 0.012660386471478 0.0168845502638622 0.0140428486703755;0.0120609605314919 0.0650808198980856 0.0148901781427689 0.0195235561210854 0.0163427674291058;0.012660386471478 0.0148901781427689 0.064336378105853 0.0211509794076874 0.0216068523221997;0.0168845502638622 0.0195235561210854 0.0211509794076874 0.0725232387163648 0.0251020120876224;0.0140428486703755 0.0163427674291058 0.0216068523221997 0.0251020120876224 0.0654642876017695]intento: 102 tiempo: 0.011 [0.0607167628690609 0.0151448631425119 0.0154116085198316 0.0129873150703495 0.013375990826834;0.0151448631425119 0.0556984478018874 0.0125240129123175 0.0118593580787286 0.0130700029579924;0.0154116085198316 0.0125240129123175 0.0543234183549132 0.0109162134763844 0.0115480898360733;0.0129873150703495 0.0118593580787286 0.0109162134763844 0.0600092566071241 0.0126277260825122;0.013375990826834 0.0130700029579924 0.0115480898360733 0.0126277260825122 0.0560639578749991]intento: 104 tiempo: 0.012 [0.0825913616816784 0.0209408145238701 0.0227134975940067 0.0265939193600866 0.0212288621258657;0.0209408145238701 0.0893017229532005 0.0212287970284934 0.0168512689131547 0.0244724822848823;0.0227134975940067 0.0212287970284934 0.0751156094505096 0.0204479506223814 0.0208806327952711;0.0265939193600866 0.0168512689131547 0.0204479506223814 0.0787259725741241 0.0210677867844611;0.0212288621258657 0.0244724822848823 0.0208806327952711 0.0210677867844611 0.0819633999337244]intento: 106 tiempo: 0.012 [0.0676848259735016 0.0154868012761772 0.0203064294724777 0.0130215209280613 0.0176549371258088;0.0154868012761772 0.0657817385960182 0.014119963398484 0.0135858373859317 0.017199280592279;0.0203064294724777 0.014119963398484 0.0692547798116852 0.0138308778932707 0.0211511945101635;0.0130215209280613 0.0135858373859317 0.0138308778932707 0.064333749655735 0.0131879510603299;0.0176549371258088 0.017199280592279 0.0211511945101635 0.0131879510603299 0.0674579804149786]intento: 108 tiempo: 0.012 [0.0500089043704112 0.0126636627038432 0.00963993345717948 0.0122750020241889 0.00893670615271971;0.0126636627038432 0.0541341315678993 0.0110683789756531 0.0123009302787367 0.0104707375319406;0.00963993345717948 0.0110683789756531 0.0493827341130418 0.0098306035548335 0.00782361656056507;0.0122750020241889 0.0123009302787367 0.0098306035548335 0.0528028321234892 0.0123025219810462;0.00893670615271971 0.0104707375319406 0.00782361656056507 0.0123025219810462 0.0479889777641555]intento: 110 tiempo: 0.012 [0.0553624554935637 0.0152300374692947 0.0148416244078317 0.00810189917248935 0.0116304961091865;0.0152300374692947 0.0544048279156593 0.0137748943493878 0.00896342796296106 0.0122954050140861;0.0148416244078317 0.0137748943493878 0.0600601775679559 0.0104423414431471 0.0163907660933608;0.00810189917248935 0.00896342796296106 0.0104423414431471 0.0496230212475672 0.00769807258216558;0.0116304961091865 0.0122954050140861 0.0163907660933608 0.00769807258216558 0.0540093896620816]intento: 112 tiempo: 0.012 [0.0535201121105996 0.0142993230662507 0.0109810615894509 0.0114417256597 0.0156837136981395;0.0142993230662507 0.0581382500286185 0.0139170032381639 0.00984296616844087 0.0161520066702894;0.0109810615894509 0.0139170032381639 0.0576922786984301 0.011440439375976 0.0136627416179281;0.0114417256597 0.00984296616844087 0.011440439375976 0.050826263638906 0.0122258432635149;0.0156837136981395 0.0161520066702894 0.0136627416179281 0.0122258432635149 0.0628093085889103]intento: 114 tiempo: 0.012 [0.0601036430101171 0.0127020172903718 0.0125903938263498 0.011646126814962 0.0154062511271454;0.0127020172903718 0.0537949599897157 0.0115500486615823 0.0110036881951623 0.0116810988360218;0.0125903938263498 0.0115500486615823 0.0511871333792599 0.0103617077554399 0.0115419845980624;0.011646126814962 0.0110036881951623 0.0103617077554399 0.0536479608213819 0.0113193584653622;0.0154062511271454 0.0116810988360218 0.0115419845980624 0.0113193584653622 0.0531659696190882]intento: 116 tiempo: 0.013 [0.0575000295834242 0.0103608492034861 0.0111288480499589 0.0134105365697931 0.0106791463192537;0.0103608492034861 0.0511440433871239 0.0101335564403463 0.0113911321784582 0.00885329839114623;0.0111288480499589 0.0101335564403463 0.0560526968842303 0.012265852731309 0.0117422494676233;0.0134105365697931 0.0113911321784582 0.012265852731309 0.0556584520099211 0.0107625379816675;0.0106791463192537 0.00885329839114623 0.0117422494676233 0.0107625379816675 0.0565189184813018]intento: 118 tiempo: 0.014 [0.0519775731948584 0.0118512819791933 0.00950325270336294 0.0118585484818086 0.0119414279606651;0.0118512819791933 0.0619990974360124 0.0117828576689033 0.0200180146458662 0.0134753772889845;0.00950325270336294 0.0117828576689033 0.0557138361883315 0.0145667467420069 0.00909825000916881;0.0118585484818086 0.0200180146458662 0.0145667467420069 0.0591228821177351 0.0157374410635999;0.0119414279606651 0.0134753772889845 0.00909825000916881 0.0157374410635999 0.0556541699010571]intento: 120 tiempo: 0.012 [0.0588463653357093 0.0130194959244955 0.0122395109371349 0.0115836647245093 0.014859840269838;0.0130194959244955 0.0533869735597026 0.00941008625886851 0.01038651788463 0.0111383034823654;0.0122395109371349 0.00941008625886851 0.0545884980410309 0.0148038423904866 0.0131850203409354;0.0115836647245093 0.01038651788463 0.0148038423904866 0.0578308547986399 0.0149251173625394;0.014859840269838 0.0111383034823654 0.0131850203409354 0.0149251173625394 0.0544042172073707]intento: 122 tiempo: 0.012 [0.043901861178444 0.00938728895957759 0.0106270932728572 0.0110346078535695 0.00531962396425248;0.00938728895957759 0.0486581088567516 0.0112311283668271 0.0121511082569209 0.00757607646917612;0.0106270932728572 0.0112311283668271 0.0478880205329362 0.0141939880158833 0.00976735170093424;0.0110346078535695 0.0121511082569209 0.0141939880158833 0.053019677310181 0.010830752922223;0.00531962396425248 0.00757607646917612 0.00976735170093424 0.010830752922223 0.0429533428929023]intento: 124 tiempo: 0.012 [0.0518265035632356 0.0116724609757342 0.011929937682218 0.0104044183149813 0.0108858840538332;0.0116724609757342 0.0477467140883869 0.0128221643471326 0.00856477757821674 0.00935688858710626;0.011929937682218 0.0128221643471326 0.0516710305584759 0.0109566376974637 0.00986033097462799;0.0104044183149813 0.00856477757821674 0.0109566376974637 0.0453560133485889 0.00858039934763997;0.0108858840538332 0.00935688858710626 0.00986033097462799 0.00858039934763997 0.049447593622121]intento: 126 tiempo: 0.012 [0.051212307065942 0.00864702898202556 0.0109432182809814 0.00847628108141237 0.00901691144141973;0.00864702898202556 0.0555029867841964 0.0157474301334699 0.0115299757621003 0.0116964784118156;0.0109432182809814 0.0157474301334699 0.0578849193605669 0.01351079724525 0.0106513049308742;0.00847628108141237 0.0115299757621003 0.01351079724525 0.0524920945855863 0.0104364470157117;0.00901691144141973 0.0116964784118156 0.0106513049308742 0.0104364470157117 0.0479102987148032]intento: 128 tiempo: 0.012 [0.0732119652614243 0.0182069026997989 0.0203135816354491 0.0222376389722488 0.0232503216295338;0.0182069026997989 0.0692168287151524 0.0168251646137667 0.0170725119676968 0.0166499675923581;0.0203135816354491 0.0168251646137667 0.0688524634067293 0.018135002072373 0.0175865746803757;0.0222376389722488 0.0170725119676968 0.018135002072373 0.0695151553826326 0.019207883262811;0.0232503216295338 0.0166499675923581 0.0175865746803757 0.019207883262811 0.0676027959137765]intento: 130 tiempo: 0.013 [0.0499672373475461 0.0136097174420262 0.0139754682220379 0.00900768817101094 0.0114204188576352;0.0136097174420262 0.0497936489245834 0.0124073349493328 0.00856436860286742 0.0126406094642823;0.0139754682220379 0.0124073349493328 0.0519868094107774 0.00749259665937045 0.0109811091274373;0.00900768817101094 0.00856436860286742 0.00749259665937045 0.0457094125419815 0.00869920700952124;0.0114204188576352 0.0126406094642823 0.0109811091274373 0.00869920700952124 0.0511464762244781]intento: 132 tiempo: 0.012 [0.0629029264309285 0.00890347522834367 0.0153429841706563 0.0149432835323517 0.0157297065377824;0.00890347522834367 0.0515235607475506 0.0130559608224559 0.00819289514149777 0.00686103231914151;0.0153429841706563 0.0130559608224559 0.0624475811944849 0.0121103157190218 0.0115515528824159;0.0149432835323517 0.00819289514149777 0.0121103157190218 0.0575329893731041 0.0146866968475647;0.0157297065377824 0.00686103231914151 0.0115515528824159 0.0146866968475647 0.0564093708502609]intento: 134 tiempo: 0.013 [0.0590564772089167 0.0130333634798964 0.0140015068684876 0.0131898968311403 0.0124014879683587;0.0130333634798964 0.0516709549222841 0.0107568444332605 0.0110007581649301 0.00865217848779986;0.0140015068684876 0.0107568444332605 0.0556133376729987 0.0132657937502464 0.0100131757603512;0.0131898968311403 0.0110007581649301 0.0132657937502464 0.054960578410098 0.0113349183036994;0.0124014879683587 0.00865217848779986 0.0100131757603512 0.0113349183036994 0.0503867543390135]intento: 136 tiempo: 0.011 [0.0474202375787632 0.0101050604288917 0.00987360119388576 0.00947813173672401 0.0124178040504522;0.0101050604288917 0.04632703231848 0.0100543447157371 0.00786410264372387 0.00834008705213304;0.00987360119388576 0.0100543447157371 0.0464952087534873 0.0100407815274752 0.0106408611547851;0.00947813173672401 0.00786410264372387 0.0100407815274752 0.0440169723351584 0.0108104168100397;0.0124178040504522 0.00834008705213304 0.0106408611547851 0.0108104168100397 0.0508023638099206]intento: 138 tiempo: 0.012 [0.064101666835802 0.019395108697207 0.0134877162190369 0.0137070803381395 0.0131017252010424;0.019395108697207 0.0632945575104695 0.0142105260991261 0.0194566331073553 0.0133755447437922;0.0134877162190369 0.0142105260991261 0.061665559142319 0.0172402819054111 0.0119085829239339;0.0137070803381395 0.0194566331073553 0.0172402819054111 0.0683972436576917 0.0164330755999248;0.0131017252010424 0.0133755447437922 0.0119085829239339 0.0164330755999248 0.0592568381962037]intento: 140 tiempo: 0.012 [0.0595440666344538 0.0110074319714036 0.0103617677415269 0.0134530471566646 0.0141352971875714;0.0110074319714036 0.0528023668401851 0.00850339424687643 0.0115791653917144 0.0109464678624824;0.0103617677415269 0.00850339424687643 0.0594105834858609 0.0128325570720325 0.0141268128000706;0.0134530471566646 0.0115791653917144 0.0128325570720325 0.0571926368315389 0.0107936984661567;0.0141352971875714 0.0109464678624824 0.0141268128000706 0.0107936984661567 0.0543988640117615]intento: 142 tiempo: 0.012 [0.0506405190721024 0.0101490040627258 0.0116480976180096 0.0106562196286946 0.01019118802015;0.0101490040627258 0.0530948787476384 0.0115062617431776 0.0122123388621701 0.0141066878592991;0.0116480976180096 0.0115062617431776 0.0551889792232783 0.0118218834811735 0.0121375282863009;0.0106562196286946 0.0122123388621701 0.0118218834811735 0.0542222752881223 0.0117281063071947;0.01019118802015 0.0141066878592991 0.0121375282863009 0.0117281063071947 0.0543936174225515]intento: 144 tiempo: 0.012 [0.0616986281023314 0.015084859237697 0.0210732864804375 0.0123138621495396 0.0134480008169131;0.015084859237697 0.0550297019588053 0.014030662789465 0.0100311153340702 0.00922694547883538;0.0210732864804375 0.014030662789465 0.0670144102498968 0.0138404734219715 0.01413496964541;0.0123138621495396 0.0100311153340702 0.0138404734219715 0.057805504138018 0.0133452568261909;0.0134480008169131 0.00922694547883538 0.01413496964541 0.0133452568261909 0.0581783932072243]intento: 146 tiempo: 0.013 [0.0673464475937645 0.0184118206100572 0.0179946946034529 0.0160121305788312 0.0116581605401145;0.0184118206100572 0.0652310905427887 0.0173463890801429 0.013936528263966 0.0117060916292579;0.0179946946034529 0.0173463890801429 0.0641203027498168 0.0149733816731955 0.0121972221812645;0.0160121305788312 0.013936528263966 0.0149733816731955 0.0565974252094769 0.0120281750327612;0.0116581605401145 0.0117060916292579 0.0121972221812645 0.0120281750327612 0.0563660447963458]intento: 148 tiempo: 0.011 [0.0712876624112783 0.0164870106539805 0.0141674276331495 0.0136706579661381 0.014715669073662;0.0164870106539805 0.0721170044918193 0.0168860926432869 0.0168965546384388 0.0168656839386993;0.0141674276331495 0.0168860926432869 0.0743375381708705 0.0193278965186009 0.0197273523572397;0.0136706579661381 0.0168965546384388 0.0193278965186009 0.0671010186798936 0.01943077156749;0.014715669073662 0.0168656839386993 0.0197273523572397 0.01943077156749 0.068601123044887]intento: 150 tiempo: 0.013 [0.0807284234696622 0.0161246950850955 0.0197915157266867 0.0203471084833719 0.0177699627292477;0.0161246950850955 0.0674204231668473 0.0157907145406024 0.0140296883781234 0.0137784069909255;0.0197915157266867 0.0157907145406024 0.0672860124037279 0.0196856468080462 0.0151581195211629;0.0203471084833719 0.0140296883781234 0.0196856468080462 0.0811354392933555 0.0158708568776366;0.0177699627292477 0.0137784069909255 0.0151581195211629 0.0158708568776366 0.0673739880481199]intento: 152 tiempo: 0.012 [0.0455399566238153 0.0101962296036988 0.0111015296874466 0.00967470261927984 0.00679652050784644;0.0101962296036988 0.0489539203009231 0.0100713481495435 0.0118054518133904 0.00806135011816233;0.0111015296874466 0.0100713481495435 0.0514774498468426 0.0115860285872059 0.01031867026669;0.00967470261927984 0.0118054518133904 0.0115860285872059 0.0530801585185331 0.00929919010076297;0.00679652050784644 0.00806135011816233 0.01031867026669 0.00929919010076297 0.0451535092388791]intento: 154 tiempo: 0.012 [0.0644532182625113 0.0150958042282713 0.00822911216199845 0.0171524115432413 0.0129656403489055;0.0150958042282713 0.0547633466483429 0.00866265045454882 0.0164232208920444 0.012413682946257;0.00822911216199845 0.00866265045454882 0.053163850483852 0.0101626236284883 0.0107996983098975;0.0171524115432413 0.0164232208920444 0.0101626236284883 0.0583239108587469 0.0142025432726369;0.0129656403489055 0.012413682946257 0.0107996983098975 0.0142025432726369 0.061455716593186]intento: 156 tiempo: 0.013 [0.0506485294778932 0.0108895998090536 0.0122564572916337 0.0102291660145172 0.00956042569048209;0.0108895998090536 0.0504854257577516 0.0111107639081222 0.0100967897365872 0.00809486922523097;0.0122564572916337 0.0111107639081222 0.0490940117881718 0.010966009733983 0.00842685396999163;0.0102291660145172 0.0100967897365872 0.010966009733983 0.0481326876294281 0.00946807625250933;0.00956042569048209 0.00809486922523097 0.00842685396999163 0.00946807625250933 0.0479533076205342]intento: 158 tiempo: 0.012 [0.060079708895889 0.0141453878705784 0.0153078895410355 0.0130498276515171 0.0146926753101601;0.0141453878705784 0.0610975993071088 0.0144693983338577 0.0159102775595723 0.0145542570147103;0.0153078895410355 0.0144693983338577 0.0642119349021133 0.0158951136167972 0.0141100751543415;0.0130498276515171 0.0159102775595723 0.0158951136167972 0.0615188128718616 0.0149460036945808;0.0146926753101601 0.0145542570147103 0.0141100751543415 0.0149460036945808 0.0624494462662592]intento: 160 tiempo: 0.012 [0.0643473403849921 0.0158786088459732 0.0164146115232218 0.0133421449230168 0.0170974272871457;0.0158786088459732 0.076586212287415 0.0164654091580027 0.0203630121550684 0.0207587982113909;0.01641461152