intento: 2 tiempo: 0.013 [0.049226363591955 0.00713929320928638 0.0110283183893086 0.0105118405216782 0.0102539006034588 0.0108908525270147;0.00713929320928638 0.0424426508458015 0.00791892043635372 0.00591045751687786 0.00573643754934775 0.00693213171680804;0.0110283183893086 0.00791892043635372 0.0485367303314716 0.00959691664900864 0.0081137073427241 0.00770483669548568;0.0105118405216782 0.00591045751687786 0.00959691664900864 0.0434041601053042 0.00803474773054065 0.00770230909413287;0.0102539006034588 0.00573643754934775 0.0081137073427241 0.00803474773054065 0.0434816180724521 0.00924047071524077;0.0108908525270147 0.00693213171680804 0.00770483669548568 0.00770230909413287 0.00924047071524077 0.0441897466070001]intento: 4 tiempo: 0.013 [0.0360526627401261 0.00750135413273026 0.00592438423301476 0.00621964343206952 0.00595668113545625 0.00552870135772398;0.00750135413273026 0.0387896797269767 0.00642834562000207 0.00698504401876759 0.00583248403570798 0.00738795238402023;0.00592438423301476 0.00642834562000207 0.0360848240837043 0.00697562252318761 0.0057477716837249 0.0068661411773629;0.00621964343206952 0.00698504401876759 0.00697562252318761 0.0376302217217848 0.00631772044759238 0.0057663098917006;0.00595668113545625 0.00583248403570798 0.0057477716837249 0.00631772044759238 0.0370644641261536 0.00530281585994933;0.00552870135772398 0.00738795238402023 0.0068661411773629 0.0057663098917006 0.00530281585994933 0.0361022248137797]intento: 6 tiempo: 0.012 [0.0464401971743514 0.00869130540428424 0.00919262676131823 0.00881630319451985 0.00815741376091067 0.00777359708830023;0.00869130540428424 0.0427700176547914 0.00883693148776545 0.00798090755289826 0.00538006877820804 0.00769557490062305;0.00919262676131823 0.00883693148776545 0.0431829437125175 0.00735140636900826 0.00654814169104051 0.00892559287193554;0.00881630319451985 0.00798090755289826 0.00735140636900826 0.0451891056167953 0.00773248773717631 0.00596467801087365;0.00815741376091067 0.00538006877820804 0.00654814169104051 0.00773248773717631 0.041242155598084 0.00787260049506608;0.00777359708830023 0.00769557490062305 0.00892559287193554 0.00596467801087365 0.00787260049506608 0.0439095471288369]intento: 8 tiempo: 0.012 [0.0420868005567858 0.00749460759182825 0.00852072589542792 0.00654465162463708 0.00559324289711132 0.00643968460468201;0.00749460759182825 0.0415700080216418 0.0104219796569846 0.00857411581896391 0.00731879099757678 0.00824368410789321;0.00852072589542792 0.0104219796569846 0.0466001094110605 0.00737840567273674 0.00615622126004753 0.00971433066026453;0.00654465162463708 0.00857411581896391 0.00737840567273674 0.0433756205817004 0.0084444911270784 0.00750897338438138;0.00559324289711132 0.00731879099757678 0.00615622126004753 0.0084444911270784 0.0402910744830157 0.00866456991612524;0.00643968460468201 0.00824368410789321 0.00971433066026453 0.00750897338438138 0.00866456991612524 0.0447422661388718]intento: 10 tiempo: 0.013 [0.0434672236384354 0.00492002092431772 0.00841394892287671 0.00875494549732685 0.00473829385322536 0.00999409289003224;0.00492002092431772 0.0443288795105732 0.00816193445828352 0.00949880221766631 0.00722385259715288 0.00949730075668769;0.00841394892287671 0.00816193445828352 0.0508156452983449 0.0118710628853037 0.00857803884814188 0.0113419469400768;0.00875494549732685 0.00949880221766631 0.0118710628853037 0.0496664797914274 0.00856125963143834 0.0105779157664086;0.00473829385322536 0.00722385259715288 0.00857803884814188 0.00856125963143834 0.043997218604241 0.00669753608973604;0.00999409289003224 0.00949730075668769 0.0113419469400768 0.0105779157664086 0.00669753608973604 0.0521122527728147]intento: 12 tiempo: 0.012 [0.0390795239661332 0.00653612280762817 0.00580422747797634 0.00678092860181037 0.00723824635809158 0.00528962851953429;0.00653612280762817 0.0455058814484737 0.00765473385059507 0.00856553604810942 0.00981659670885359 0.00896190602014692;0.00580422747797634 0.00765473385059507 0.0417335840097091 0.00697034676182885 0.00796232903346429 0.00658762658506992;0.00678092860181037 0.00856553604810942 0.00697034676182885 0.040798127568639 0.00730486954397081 0.00593472666682952;0.00723824635809158 0.00981659670885359 0.00796232903346429 0.00730486954397081 0.0450587639548738 0.00768499008219886;0.00528962851953429 0.00896190602014692 0.00658762658506992 0.00593472666682952 0.00768499008219886 0.0387751318566657]intento: 14 tiempo: 0.012 [0.0442589599550857 0.00677198403668818 0.00760521383274838 0.0070540854576304 0.00925547106260558 0.00719080383986646;0.00677198403668818 0.0392176689981631 0.00571569151831088 0.00622434595928368 0.00638345432047448 0.00512094633508249;0.00760521383274838 0.00571569151831088 0.0398936489536085 0.006990002890636 0.00754908676692256 0.0050271973836793;0.0070540854576304 0.00622434595928368 0.006990002890636 0.0415887624442059 0.0082604672176429 0.00889886021394977;0.00925547106260558 0.00638345432047448 0.00754908676692256 0.0082604672176429 0.0452108445527998 0.00777592131498649;0.00719080383986646 0.00512094633508249 0.0050271973836793 0.00889886021394977 0.00777592131498649 0.0413648807132119]intento: 16 tiempo: 0.013 [0.0507582214115982 0.00932978996948297 0.00969522027151661 0.010643843504896 0.0104995443533162 0.0102243036718673;0.00932978996948297 0.0484207181774113 0.00830793810771147 0.00911708903495359 0.00943183779770174 0.0061345899411017;0.00969522027151661 0.00830793810771147 0.0469988984175734 0.00928481523440543 0.00868850075634594 0.00516561902465224;0.010643843504896 0.00911708903495359 0.00928481523440543 0.0466920524931953 0.0105596769883454 0.00662173737156404;0.0104995443533162 0.00943183779770174 0.00868850075634594 0.0105596769883454 0.0509181204226198 0.00662460885110477;0.0102243036718673 0.0061345899411017 0.00516561902465224 0.00662173737156404 0.00662460885110477 0.0442532089194377]intento: 18 tiempo: 0.013 [0.0388375487708593 0.00795376987494224 0.00535447923081517 0.00728015821869119 0.00573491299029477 0.00533006113383319;0.00795376987494224 0.0366480457719217 0.00633913489361069 0.00771313695731225 0.00663463134196417 0.00596409706280647;0.00535447923081517 0.00633913489361069 0.0362190610227954 0.00668045020988506 0.00637112360835582 0.00436659802156694;0.00728015821869119 0.00771313695731225 0.00668045020988506 0.0371371388415292 0.00591569594791572 0.00560227850111301;0.00573491299029477 0.00663463134196417 0.00637112360835582 0.00591569594791572 0.0373329829656584 0.00374443482611793;0.00533006113383319 0.00596409706280647 0.00436659802156694 0.00560227850111301 0.00374443482611793 0.0350039265811927]intento: 20 tiempo: 0.017 [0.0401053262794003 0.00773567265510912 0.00728345161608203 0.00831381589567309 0.00790863229730727 0.00637293649210073;0.00773567265510912 0.0431944391276013 0.0088318424412659 0.00859885670773107 0.00771694078279067 0.00749705245314494;0.00728345161608203 0.0088318424412659 0.0414619373437854 0.00635575842543676 0.00580724131465321 0.0063646441689776;0.00831381589567309 0.00859885670773107 0.00635575842543676 0.0422565051318951 0.00669031884857733 0.0045401105575907;0.00790863229730727 0.00771694078279067 0.00580724131465321 0.00669031884857733 0.0419178756496595 0.00562957696599641;0.00637293649210073 0.00749705245314494 0.0063646441689776 0.0045401105575907 0.00562957696599641 0.0378989565019331]intento: 22 tiempo: 0.013 [0.041975306188214 0.00936984416734933 0.00865990571043089 0.00706007474753924 0.00601064172027983 0.00688693398344169;0.00936984416734933 0.0468178854637538 0.0101704222472521 0.00871295073934629 0.00703710392564985 0.00788123497034693;0.00865990571043089 0.0101704222472521 0.0441827981639131 0.0086593845253306 0.00789746714664258 0.0073894175493972;0.00706007474753924 0.00871295073934629 0.0086593845253306 0.0467532671407853 0.00685051964234255 0.00852875574936197;0.00601064172027983 0.00703710392564985 0.00789746714664258 0.00685051964234255 0.0424452123160024 0.00591678403046034;0.00688693398344169 0.00788123497034693 0.0073894175493972 0.00852875574936197 0.00591678403046034 0.0436774301618686]intento: 24 tiempo: 0.013 [0.0469753208226683 0.00887459408357521 0.00746413742296094 0.00714602585036499 0.00902646422112069 0.00828279640845074;0.00887459408357521 0.0446223656196352 0.00924256256496952 0.0114789449203897 0.00990954832668596 0.00821352126185187;0.00746413742296094 0.00924256256496952 0.0436406477564057 0.00845675053256003 0.00704337236265596 0.00878010310078555;0.00714602585036499 0.0114789449203897 0.00845675053256003 0.0500355777287557 0.00839524072376689 0.00914343157773241;0.00902646422112069 0.00990954832668596 0.00704337236265596 0.00839524072376689 0.0482263655683863 0.00966584114414721;0.00828279640845074 0.00821352126185187 0.00878010310078555 0.00914343157773241 0.00966584114414721 0.0460828495533123]intento: 26 tiempo: 0.012 [0.0469425626889847 0.00730212758854715 0.00950534940511529 0.00898776326806862 0.00617774331078451 0.00649383559668079;0.00730212758854715 0.0428880634082494 0.0068878200064722 0.00694536939695883 0.00735581777594192 0.00664488048683036;0.00950534940511529 0.0068878200064722 0.0483530273530787 0.0132432983603952 0.00697787519343339 0.0106009647039651;0.00898776326806862 0.00694536939695883 0.0132432983603952 0.052534731791251 0.0101400572018968 0.0116930028448985;0.00617774331078451 0.00735581777594192 0.00697787519343339 0.0101400572018968 0.0459798728136562 0.00724188565795203;0.00649383559668079 0.00664488048683036 0.0106009647039651 0.0116930028448985 0.00724188565795203 0.0470684845762032]intento: 28 tiempo: 0.013 [0.0434455431916955 0.00857843458576527 0.00846153448613605 0.00993113040279643 0.00566882519572444 0.00575768045312693;0.00857843458576527 0.0465891312946433 0.00860491008468082 0.00977381231289517 0.00765436054587012 0.00687586387070396;0.00846153448613605 0.00860491008468082 0.0437198473297088 0.00795706885603224 0.00679057732704724 0.00565198727850326;0.00993113040279643 0.00977381231289517 0.00795706885603224 0.0447192083716098 0.00701202617129805 0.00743616836220443;0.00566882519572444 0.00765436054587012 0.00679057732704724 0.00701202617129805 0.0385473803276917 0.00652479896873026;0.00575768045312693 0.00687586387070396 0.00565198727850326 0.00743616836220443 0.00652479896873026 0.0432681452008208]intento: 30 tiempo: 0.012 [0.048760801885813 0.00961424016821965 0.00836807343726065 0.00930787076811342 0.00641226264214096 0.00658771367745083;0.00961424016821965 0.0466375911464035 0.0106406584183913 0.00947991161377356 0.00826105271531018 0.00879659206741596;0.00836807343726065 0.0106406584183913 0.049304419270726 0.00749135733301993 0.00907548516782013 0.0110200777020616;0.00930787076811342 0.00947991161377356 0.00749135733301993 0.04457198143978 0.00840832057042145 0.00811291822474898;0.00641226264214096 0.00826105271531018 0.00907548516782013 0.00840832057042145 0.0425388740688096 0.00805465754444377;0.00658771367745083 0.00879659206741596 0.0110200777020616 0.00811291822474898 0.00805465754444377 0.0486335270919872]intento: 32 tiempo: 0.012 [0.0401472312072991 0.00754874556919785 0.0073137820436279 0.00620623193282163 0.00822648984806615 0.00908213463632275;0.00754874556919785 0.0374797588222328 0.00525227271778487 0.00733481314124773 0.0062908021983006 0.00633962577853447;0.0073137820436279 0.00525227271778487 0.0420780238712831 0.00668754603596223 0.00532457128928915 0.00832255476068679;0.00620623193282163 0.00733481314124773 0.00668754603596223 0.0411592677866792 0.00830538574053285 0.00674339422927247;0.00822648984806615 0.0062908021983006 0.00532457128928915 0.00830538574053285 0.042476231930038 0.00787846046793503;0.00908213463632275 0.00633962577853447 0.00832255476068679 0.00674339422927247 0.00787846046793503 0.0404152509394267]intento: 34 tiempo: 0.013 [0.0434592145117179 0.0057792585735048 0.00871801050406173 0.00750032613389461 0.00753470577858804 0.00819506363190607;0.0057792585735048 0.0469873499966802 0.00957482737062277 0.00415843789047467 0.00892824167681013 0.00801981180832881;0.00871801050406173 0.00957482737062277 0.0437047471591531 0.00694494606677251 0.00707704480512562 0.00766635494503703;0.00750032613389461 0.00415843789047467 0.00694494606677251 0.040071303142169 0.00742451009555216 0.00759924120335928;0.00753470577858804 0.00892824167681013 0.00707704480512562 0.00742451009555216 0.0432941953552957 0.0100161076524915;0.00819506363190607 0.00801981180832881 0.00766635494503703 0.00759924120335928 0.0100161076524915 0.047704664468643]intento: 36 tiempo: 0.013 [0.0429775323119958 0.00626470408015592 0.00674618114771448 0.00626837228585998 0.00853362881075605 0.00676403840751273;0.00626470408015592 0.0420307493701258 0.00721178436231299 0.00800153917725609 0.00696988350957943 0.00611159353071567;0.00674618114771448 0.00721178436231299 0.0456924638792054 0.0102187185242737 0.00836365129939798 0.00758726393128508;0.00626837228585998 0.00800153917725609 0.0102187185242737 0.0433399844201537 0.00845845773286709 0.00756064576012057;0.00853362881075605 0.00696988350957943 0.00836365129939798 0.00845845773286709 0.0404584939822607 0.00681907566575097;0.00676403840751273 0.00611159353071567 0.00758726393128508 0.00756064576012057 0.00681907566575097 0.0409026150773499]intento: 38 tiempo: 0.013 [0.0407868102970562 0.00903374492570146 0.00651959820618087 0.00668949016915977 0.00605833165953197 0.006254213247647;0.00903374492570146 0.0484366989260192 0.0103477034578588 0.00841669246621875 0.0086063398818536 0.00933476527426666;0.00651959820618087 0.0103477034578588 0.0423777023064557 0.00720071985169287 0.00574417141206951 0.00938284693191408;0.00668949016915977 0.00841669246621875 0.00720071985169287 0.0401182848279086 0.00529198110958404 0.00734922761476446;0.00605833165953197 0.0086063398818536 0.00574417141206951 0.00529198110958404 0.0394141468121595 0.00612370999919353;0.006254213247647 0.00933476527426666 0.00938284693191408 0.00734922761476446 0.00612370999919353 0.0449792212873941]intento: 40 tiempo: 0.013 [0.0432068599000489 0.00666433065838204 0.00739632459139587 0.00554809756232016 0.00930280205590967 0.00926581390603103;0.00666433065838204 0.0407824199008662 0.00660779490463111 0.00538200441678051 0.00715489807803301 0.00760188594969933;0.00739632459139587 0.00660779490463111 0.0405470697190611 0.00794367056549327 0.00548216741902505 0.0073065499938201;0.00554809756232016 0.00538200441678051 0.00794367056549327 0.0395915449376787 0.00531410832789267 0.00664062371379417;0.00930280205590967 0.00715489807803301 0.00548216741902505 0.00531410832789267 0.0402971170137503 0.00838164550606333;0.00926581390603103 0.00760188594969933 0.0073065499938201 0.00664062371379417 0.00838164550606333 0.0401821541008791]intento: 42 tiempo: 0.013 [0.0459968969079801 0.0101411549882006 0.00936068979893088 0.00789649063591732 0.00922503599759039 0.00790785591803192;0.0101411549882006 0.0544900582977597 0.0120949423018145 0.00923788805801701 0.0110297528448888 0.0106708625980293;0.00936068979893088 0.0120949423018145 0.0506820552233565 0.00658988358197132 0.0107135203771726 0.00965019971463;0.00789649063591732 0.00923788805801701 0.00658988358197132 0.0523408749672021 0.00852368200444175 0.0109150001015416;0.00922503599759039 0.0110297528448888 0.0107135203771726 0.00852368200444175 0.0487689754758879 0.0106660158044291;0.00790785591803192 0.0106708625980293 0.00965019971463 0.0109150001015416 0.0106660158044291 0.0503326812498484]intento: 44 tiempo: 0.013 [0.0409293021834157 0.00702187375536433 0.00643276870497705 0.00663870773727049 0.00487126983489537 0.00801067361753849;0.00702187375536433 0.0478749141957597 0.008531769899547 0.00721395974084186 0.00789687156237034 0.0103622010612856;0.00643276870497705 0.008531769899547 0.0459200261496373 0.007657308479881 0.00679707446102627 0.0103409311485501;0.00663870773727049 0.00721395974084186 0.007657308479881 0.0417785715597153 0.00851993782534053 0.0088290275910567;0.00487126983489537 0.00789687156237034 0.00679707446102627 0.00851993782534053 0.0442300175870018 0.0081093490210251;0.00801067361753849 0.0103622010612856 0.0103409311485501 0.0088290275910567 0.0081093490210251 0.0489900713045287]intento: 46 tiempo: 0.013 [0.0425184233513241 0.00803963970002113 0.00796738748969501 0.00512344050172869 0.00653090218240408 0.00797216386053754;0.00803963970002113 0.0390035560543619 0.0070258680154715 0.00591242893669375 0.00594399010625149 0.00671267130363313;0.00796738748969501 0.0070258680154715 0.0436498042247184 0.00878911722742617 0.00791241812803607 0.00690117976659743;0.00512344050172869 0.00591242893669375 0.00878911722742617 0.0388059701752514 0.00798443653991455 0.00616731837032413;0.00653090218240408 0.00594399010625149 0.00791241812803607 0.00798443653991455 0.0426557798377209 0.00567826595776129;0.00797216386053754 0.00671267130363313 0.00690117976659743 0.00616731837032413 0.00567826595776129 0.0392260578619068]intento: 48 tiempo: 0.015 [0.0408930494247257 0.00802482729628942 0.00638103242581822 0.00703978821809912 0.00668339036463233 0.00828532646092885;0.00802482729628942 0.0423617284269788 0.0102137706908243 0.00893659306095616 0.0079005750935182 0.00700317088560961;0.00638103242581822 0.0102137706908243 0.0431333398499824 0.00866647008106715 0.00967053814032864 0.00856625613010076;0.00703978821809912 0.00893659306095616 0.00866647008106715 0.0399734846607116 0.00760890406988702 0.00722928595571023;0.00668339036463233 0.0079005750935182 0.00967053814032864 0.00760890406988702 0.0449451918959828 0.00599836020319119;0.00828532646092885 0.00700317088560961 0.00856625613010076 0.00722928595571023 0.00599836020319119 0.0434601269103363]intento: 50 tiempo: 0.014 [0.0395490048769671 0.00588956260424143 0.00612095187347376 0.00652592936213619 0.0063125921833244 0.00503078777218846;0.00588956260424143 0.039048765370632 0.00822454868362753 0.00835976999334159 0.00700635030155599 0.00719596461596895;0.00612095187347376 0.00822454868362753 0.0394132557563068 0.00806444430891703 0.00664632477294366 0.00702186794642382;0.00652592936213619 0.00835976999334159 0.00806444430891703 0.0426949085781013 0.00725315968700198 0.00803849112877308;0.0063125921833244 0.00700635030155599 0.00664632477294366 0.00725315968700198 0.0398075805523525 0.00608431106777047;0.00503078777218846 0.00719596461596895 0.00702186794642382 0.00803849112877308 0.00608431106777047 0.040470561549324]intento: 52 tiempo: 0.012 [0.0345363824555148 0.00493079351620664 0.00536085474414654 0.00579795434746305 0.00680387046355325 0.00627616769255327;0.00493079351620664 0.0318778948881184 0.00444577036322371 0.00522157116815185 0.00505788576626136 0.00473288633118306;0.00536085474414654 0.00444577036322371 0.0323256397744446 0.00548588486070659 0.00567003728986463 0.00530532686653197;0.00579795434746305 0.00522157116815185 0.00548588486070659 0.0343175677967526 0.00536720066000028 0.0057839001334332;0.00680387046355325 0.00505788576626136 0.00567003728986463 0.00536720066000028 0.0358646161435201 0.00678228886538177;0.00627616769255327 0.00473288633118306 0.00530532686653197 0.0057839001334332 0.00678228886538177 0.0347707721503321]intento: 54 tiempo: 0.013 [0.0593525460131332 0.010783673541385 0.0101061853009873 0.0121631267803165 0.0143132882072241 0.0125361527193142;0.010783673541385 0.0553162178226538 0.00914867496862445 0.0100123982950629 0.0111870020816446 0.00877088668247853;0.0101061853009873 0.00914867496862445 0.0543405217222147 0.0116530445848291 0.0105621685571758 0.00908303591093722;0.0121631267803165 0.0100123982950629 0.0116530445848291 0.0562153013454629 0.0120686142508188 0.0119567598985993;0.0143132882072241 0.0111870020816446 0.0105621685571758 0.0120686142508188 0.0568802705769569 0.00947283055232905;0.0125361527193142 0.00877088668247853 0.00908303591093722 0.0119567598985993 0.00947283055232905 0.0525406114543824]intento: 56 tiempo: 0.012 [0.043098865826726 0.00658570887321715 0.00659052075846101 0.00593281212733029 0.00990999826484515 0.00782887854261963;0.00658570887321715 0.0431194775179164 0.0068325462020718 0.00734825884374517 0.00926305638714979 0.00706152428458267;0.00659052075846101 0.0068325462020718 0.0382796101429631 0.00448270041632845 0.00860391450125181 0.00511527083697661;0.00593281212733029 0.00734825884374517 0.00448270041632845 0.0381299996589119 0.00744446454692661 0.00700376664966874;0.00990999826484515 0.00926305638714979 0.00860391450125181 0.00744446454692661 0.0448817330841753 0.00786501659298325;0.00782887854261963 0.00706152428458267 0.00511527083697661 0.00700376664966874 0.00786501659298325 0.0393823114619258]intento: 58 tiempo: 0.013 [0.0393738098073009 0.00748365288766831 0.00477967889841871 0.00743436414916866 0.00610744349381128 0.00760902031126428;0.00748365288766831 0.0412058236797445 0.00441938902765056 0.00772485220296441 0.00524442135944887 0.00696414397433089;0.00477967889841871 0.00441938902765056 0.0374778426248286 0.00472499624765734 0.00483723554705547 0.00730527966277414;0.00743436414916866 0.00772485220296441 0.00472499624765734 0.0409578851015443 0.00616445309044913 0.0066890438356198;0.00610744349381128 0.00524442135944887 0.00483723554705547 0.00616445309044913 0.0377699454154817 0.00654972125667043;0.00760902031126428 0.00696414397433089 0.00730527966277414 0.0066890438356198 0.00654972125667043 0.0386324209798311]intento: 60 tiempo: 0.014 [0.0489361475689608 0.00639083704756927 0.00818432553242445 0.00914872304085821 0.00994379068440172 0.00814464643268441;0.00639083704756927 0.0443039117076581 0.00857970888703624 0.00772165039548232 0.0117111154512185 0.00730616100967686;0.00818432553242445 0.00857970888703624 0.046963321849123 0.00964614866738336 0.0117931776004793 0.0103455728791083;0.00914872304085821 0.00772165039548232 0.00964614866738336 0.0477361731636964 0.00972906245799 0.00968197671521972;0.00994379068440172 0.0117111154512185 0.0117931776004793 0.00972906245799 0.0507117927579278 0.00915921844817062;0.00814464643268441 0.00730616100967686 0.0103455728791083 0.00968197671521972 0.00915921844817062 0.0488689152115524]intento: 62 tiempo: 0.012 [0.0440076448764957 0.00716255024800402 0.00791902864541233 0.00777170503510291 0.0106045044651322 0.00863810979075455;0.00716255024800402 0.0466203127419741 0.00821944125022362 0.0083633912132171 0.0105161750423914 0.00953943002959536;0.00791902864541233 0.00821944125022362 0.0466460308150973 0.00897818524354419 0.0121164188150516 0.00796054119457051;0.00777170503510291 0.0083633912132171 0.00897818524354419 0.0439319349835464 0.00781780741957385 0.00569498031612033;0.0106045044651322 0.0105161750423914 0.0121164188150516 0.00781780741957385 0.0535221686923089 0.0115951490989722;0.00863810979075455 0.00953943002959536 0.00796054119457051 0.00569498031612033 0.0115951490989722 0.0470037645857275]intento: 64 tiempo: 0.013 [0.0384535526033271 0.00604274966811172 0.00596802154875712 0.00633503898379269 0.00748214657224553 0.00591903842595473;0.00604274966811172 0.0405661642138208 0.00719893989515001 0.00670017613174247 0.0077728275341405 0.00653311230357049;0.00596802154875712 0.00719893989515001 0.0392232668452197 0.00541771124885378 0.00773699141072751 0.00603696179435602;0.00633503898379269 0.00670017613174247 0.00541771124885378 0.0389144580628615 0.0070770342350704 0.00459711020320568;0.00748214657224553 0.0077728275341405 0.00773699141072751 0.0070770342350704 0.0405219814358774 0.00703711183995149;0.00591903842595473 0.00653311230357049 0.00603696179435602 0.00459711020320568 0.00703711183995149 0.0374514330176607]intento: 66 tiempo: 0.013 [0.0412975062924657 0.00798352172747186 0.00881334480900056 0.00817712815540145 0.00750348787946173 0.00689553450797276;0.00798352172747186 0.0424838153341287 0.00772285285070201 0.00818968357062495 0.00671753751549347 0.00795174337042469;0.00881334480900056 0.00772285285070201 0.0425414305813651 0.00778389117829233 0.00814600958346579 0.00904037817452362;0.00817712815540145 0.00818968357062495 0.00778389117829233 0.0422259665753297 0.00862585789258358 0.00660900168174214;0.00750348787946173 0.00671753751549347 0.00814600958346579 0.00862585789258358 0.0403460813936341 0.00875273052300255;0.00689553450797276 0.00795174337042469 0.00904037817452362 0.00660900168174214 0.00875273052300255 0.0461973219480364]intento: 68 tiempo: 0.013 [0.0396786359743389 0.00669882350912561 0.00713144477775762 0.00823114590716759 0.00613938521672894 0.00803412710950036;0.00669882350912561 0.0395604238361491 0.00809174064629999 0.00774049457337103 0.00552013308973335 0.00689855358909599;0.00713144477775762 0.00809174064629999 0.0390292873760381 0.00748491066180732 0.00692521715252233 0.00791055335339017;0.00823114590716759 0.00774049457337103 0.00748491066180732 0.0400880930784165 0.00481763815819806 0.00923489364834172;0.00613938521672894 0.00552013308973335 0.00692521715252233 0.00481763815819806 0.0382230111263161 0.00740746865893288;0.00803412710950036 0.00689855358909599 0.00791055335339017 0.00923489364834172 0.00740746865893288 0.0402540957265287]intento: 70 tiempo: 0.013 [0.041000862911086 0.00512913771801053 0.00459865046014132 0.00780369697659198 0.00733910882392193 0.00911342231018642;0.00512913771801053 0.0356343084405157 0.0031144698331516 0.00518983618376689 0.00633845987657091 0.00542692472352423;0.00459865046014132 0.0031144698331516 0.0381268363198663 0.00555296042322586 0.00466401291116981 0.00622603960483132;0.00780369697659198 0.00518983618376689 0.00555296042322586 0.0410112072051681 0.00763824344484967 0.00775213933403228;0.00733910882392193 0.00633845987657091 0.00466401291116981 0.00763824344484967 0.0388814876107302 0.00900957192627531;0.00911342231018642 0.00542692472352423 0.00622603960483132 0.00775213933403228 0.00900957192627531 0.0419212095664186]intento: 72 tiempo: 0.013 [0.050179696121331 0.00771158560554842 0.0120699352644773 0.0104117434477532 0.00877122782840366 0.00766912460470279;0.00771158560554842 0.0468586010338267 0.00865170584939384 0.00718954019982342 0.00589933877784395 0.00593046165627996;0.0120699352644773 0.00865170584939384 0.0498289422052405 0.0084329628542859 0.0102161934013711 0.00676443666205723;0.0104117434477532 0.00718954019982342 0.0084329628542859 0.0470003912288258 0.0105095294669842 0.00790082702455088;0.00877122782840366 0.00589933877784395 0.0102161934013711 0.0105095294669842 0.0478496256709693 0.00570874798658771;0.00766912460470279 0.00593046165627996 0.00676443666205723 0.00790082702455088 0.00570874798658771 0.0416792021312463]intento: 74 tiempo: 0.012 [0.0484173735057324 0.0109883141860503 0.00873316399612862 0.0117232175434373 0.00866378896713404 0.0108738954415357;0.0109883141860503 0.0506182102169601 0.0109416435815145 0.00697381416013933 0.00960017212904231 0.00938036278897991;0.00873316399612862 0.0109416435815145 0.0469676766095114 0.00837933647988193 0.00844555711536995 0.00855146182937557;0.0117232175434373 0.00697381416013933 0.00837933647988193 0.0489929339264535 0.00935566757038972 0.00840574058818584;0.00866378896713404 0.00960017212904231 0.00844555711536995 0.00935566757038972 0.0470775178402226 0.00804326932846171;0.0108738954415357 0.00938036278897991 0.00855146182937557 0.00840574058818584 0.00804326932846171 0.0481057088525908]intento: 76 tiempo: 0.012 [0.0380219932756128 0.00607860754127978 0.00491009903570665 0.00543409559289249 0.00711200521175091 0.00665686696498029;0.00607860754127978 0.0398238900934023 0.00796147204855364 0.00710554330772547 0.0097785733927914 0.00766858867882011;0.00491009903570665 0.00796147204855364 0.0417985159291891 0.00677586864361214 0.00828870135580938 0.00597562859486425;0.00543409559289249 0.00710554330772547 0.00677586864361214 0.0410315023879824 0.00866481205090659 0.00743069813449523;0.00711200521175091 0.0097785733927914 0.00828870135580938 0.00866481205090659 0.0450889381612888 0.00734037454752567;0.00665686696498029 0.00766858867882011 0.00597562859486425 0.00743069813449523 0.00734037454752567 0.0415044632327719]intento: 78 tiempo: 0.013 [0.0465946469846689 0.00698738450055433 0.00730169968111579 0.00684696432242346 0.00887941534709747 0.00804308137148464;0.00698738450055433 0.0431654059033515 0.00707074064872011 0.00778135539906473 0.00836062447037461 0.0112637380842275;0.00730169968111579 0.00707074064872011 0.0424367705201688 0.00833861565361897 0.00755153265411847 0.00929216888852126;0.00684696432242346 0.00778135539906473 0.00833861565361897 0.042966771536347 0.00636515020827854 0.0115528297650781;0.00887941534709747 0.00836062447037461 0.00755153265411847 0.00636515020827854 0.0429362964633303 0.00991976425078947;0.00804308137148464 0.0112637380842275 0.00929216888852126 0.0115528297650781 0.00991976425078947 0.0501711451072056]intento: 80 tiempo: 0.013 [0.0454530288075511 0.0091975499576048 0.00670459814752746 0.00868039673304881 0.0079953179761812 0.00654812318026757;0.0091975499576048 0.0548585895289064 0.0117498960577314 0.0143096560201394 0.0110850387197495 0.0105262220996821;0.00670459814752746 0.0117498960577314 0.0502062959620542 0.0103838526214694 0.00861077306961924 0.00962842592086764;0.00868039673304881 0.0143096560201394 0.0103838526214694 0.049800050452812 0.00825434383489607 0.00947563699656905;0.0079953179761812 0.0110850387197495 0.00861077306961924 0.00825434383489607 0.0465802025173596 0.00913923242672517;0.00654812318026757 0.0105262220996821 0.00962842592086764 0.00947563699656905 0.00913923242672517 0.0472145787337861]intento: 82 tiempo: 0.012 [0.0423208922230123 0.00844969448418304 0.00931294348177011 0.00781212824258085 0.0092146652446753 0.00819039300424231;0.00844969448418304 0.0407279940782169 0.00643208310180051 0.00664786194822166 0.00697648700978885 0.00521334639713921;0.00931294348177011 0.00643208310180051 0.038570038670642 0.00449289304880611 0.00789203537584186 0.00528596649222451;0.00781212824258085 0.00664786194822166 0.00449289304880611 0.0375269463645773 0.00621653129639717 0.00489832724175872;0.0092146652446753 0.00697648700978885 0.00789203537584186 0.00621653129639717 0.0403881980740181 0.00487658216030407;0.00819039300424231 0.00521334639713921 0.00528596649222451 0.00489832724175872 0.00487658216030407 0.036709519713962]intento: 84 tiempo: 0.012 [0.0382004932091592 0.00487496219332144 0.00667347064569629 0.00510192615729155 0.00611573917197613 0.00634212281676032;0.00487496219332144 0.0377697093316482 0.00511648534587274 0.00512160077228061 0.00579143762734079 0.00713759127482938;0.00667347064569629 0.00511648534587274 0.0406314233672786 0.00500669712717135 0.00640591279969271 0.00671213658984532;0.00510192615729155 0.00512160077228061 0.00500669712717135 0.041068661460108 0.00584312658663391 0.00800262986208801;0.00611573917197613 0.00579143762734079 0.00640591279969271 0.00584312658663391 0.0398552845335275 0.00796536087522958;0.00634212281676032 0.00713759127482938 0.00671213658984532 0.00800262986208801 0.00796536087522958 0.0393674162883698]intento: 86 tiempo: 0.013 [0.0430716345943939 0.00753366705575511 0.00793986492902248 0.00657591652736799 0.00636843555328292 0.007068779641588;0.00753366705575511 0.0459744716783921 0.00934495519482906 0.00824644492651438 0.00797906895642985 0.00737175791252539;0.00793986492902248 0.00934495519482906 0.0431775971832352 0.00825368256701142 0.00860646363658577 0.00633802788236472;0.00657591652736799 0.00824644492651438 0.00825368256701142 0.0405768474067342 0.00580956561522447 0.00702581107497544;0.00636843555328292 0.00797906895642985 0.00860646363658577 0.00580956561522447 0.0446424410453998 0.00592151491645231;0.007068779641588 0.00737175791252539 0.00633802788236472 0.00702581107497544 0.00592151491645231 0.0405315041793625]intento: 88 tiempo: 0.013 [0.0377622215544076 0.00522605907602459 0.0079153006118128 0.00727629106334889 0.00716047480475317 0.00700792116240337;0.00522605907602459 0.0372096465107986 0.0042412655110139 0.00466960742451634 0.00479847663646183 0.00511594468303167;0.0079153006118128 0.0042412655110139 0.0377600790479159 0.00653431249778887 0.00733733637240795 0.00472964782764829;0.00727629106334889 0.00466960742451634 0.00653431249778887 0.0394582276787791 0.00768942201585071 0.00775600445025541;0.00716047480475317 0.00479847663646183 0.00733733637240795 0.00768942201585071 0.0379006425581184 0.00688886635756376;0.00700792116240337 0.00511594468303167 0.00472964782764829 0.00775600445025541 0.00688886635756376 0.0375897363990211]intento: 90 tiempo: 0.012 [0.0469163185700571 0.00695859363555261 0.0102166953675592 0.00762001000107989 0.00645589060693289 0.00825010420872768;0.00695859363555261 0.0540795503578603 0.0141363276003345 0.0121371453966392 0.0111136240402917 0.0110571676862874;0.0102166953675592 0.0141363276003345 0.0495653238072025 0.011180940018513 0.00793467346365046 0.0106024837914425;0.00762001000107989 0.0121371453966392 0.011180940018513 0.0512356961927952 0.00979640342599915 0.0110925105411459;0.00645589060693289 0.0111136240402917 0.00793467346365046 0.00979640342599915 0.0489282207094133 0.0112277488418303;0.00825010420872768 0.0110571676862874 0.0106024837914425 0.0110925105411459 0.0112277488418303 0.04920348781571]intento: 92 tiempo: 0.012 [0.0398661073404593 0.00707848173483503 0.00650641945289446 0.00511041175411609 0.00734454148207461 0.00547507746647008;0.00707848173483503 0.0418170931695803 0.00867993695485571 0.00594166801662387 0.00763385764954011 0.00664717497029666;0.00650641945289446 0.00867993695485571 0.0431039349209942 0.00611236120036827 0.0105728813030212 0.00812029239104952;0.00511041175411609 0.00594166801662387 0.00611236120036827 0.0409643584848738 0.00874703352428487 0.00552949899791695;0.00734454148207461 0.00763385764954011 0.0105728813030212 0.00874703352428487 0.0459890412139691 0.00795664267923464;0.00547507746647008 0.00664717497029666 0.00812029239104952 0.00552949899791695 0.00795664267923464 0.0393636199206956]intento: 94 tiempo: 0.014 [0.0463725861164501 0.00749939181876909 0.00732958800102335 0.00928009052898973 0.00802323968318745 0.00684020856152046;0.00749939181876909 0.042994110202528 0.00748244799020973 0.0093885904585932 0.00722020094830809 0.00663061694156619;0.00732958800102335 0.00748244799020973 0.0409941165271218 0.00630948344150152 0.00491411967755346 0.00709235348808481;0.00928009052898973 0.0093885904585932 0.00630948344150152 0.0449832523347489 0.00768316177268485 0.00856456230847409;0.00802323968318745 0.00722020094830809 0.00491411967755346 0.00768316177268485 0.04452912003179 0.00807105737536769;0.00684020856152046 0.00663061694156619 0.00709235348808481 0.00856456230847409 0.00807105737536769 0.0409721721257561]intento: 96 tiempo: 0.012 [0.0479008670166308 0.00811380240954416 0.00685038301918283 0.00583217947891778 0.0112210524741784 0.00787674006392275;0.00811380240954416 0.0471074078013514 0.00941095174676244 0.00708236881016587 0.0107003594313069 0.0100145670727125;0.00685038301918283 0.00941095174676244 0.0452107451169992 0.00857945177686627 0.0104754903989978 0.0082311301910473;0.00583217947891778 0.00708236881016587 0.00857945177686627 0.0479738045644578 0.00809644292782557 0.00580232980952692;0.0112210524741784 0.0107003594313069 0.0104754903989978 0.00809644292782557 0.0497525426435951 0.00967507443072541;0.00787674006392275 0.0100145670727125 0.0082311301910473 0.00580232980952692 0.00967507443072541 0.0477703553033154]intento: 98 tiempo: 0.013 [0.0337598589834052 0.00615777909876717 0.00559269187941331 0.00561645228394979 0.00473269431772057 0.00540185389350634;0.00615777909876717 0.0368469224064112 0.00697399689723795 0.00719624095539591 0.00507242606795113 0.00551214968352808;0.00559269187941331 0.00697399689723795 0.0361333254335195 0.00784914822324312 0.00627720320850376 0.00525257590834357;0.00561645228394979 0.00719624095539591 0.00784914822324312 0.0364918349566647 0.00690870638466633 0.00532257834380874;0.00473269431772057 0.00507242606795113 0.00627720320850376 0.00690870638466633 0.0335210590556565 0.00473407451135822;0.00540185389350634 0.00551214968352808 0.00525257590834357 0.00532257834380874 0.00473407451135822 0.0360632936080752]intento: 100 tiempo: 0.014 [0.0384419739830858 0.00685987493836485 0.0063793332905332 0.00534936918546462 0.00630805757462168 0.00579750734618075;0.00685987493836485 0.0409208830745973 0.00737432883676482 0.00536276784101479 0.00785173478493146 0.00683993443112386;0.0063793332905332 0.00737432883676482 0.0397018300764624 0.00399772165398195 0.00639046550929483 0.00554739998905354;0.00534936918546462 0.00536276784101479 0.00399772165398195 0.0380425417634188 0.00673915423882515 0.00527858348271999;0.00630805757462168 0.00785173478493146 0.00639046550929483 0.00673915423882515 0.0368742592658845 0.00644872233260254;0.00579750734618075 0.00683993443112386 0.00554739998905354 0.00527858348271999 0.00644872233260254 0.0378763453213684]intento: 102 tiempo: 0.013 [0.0458428394062745 0.00577910756695484 0.00804218301770519 0.00952705370435264 0.00821929057754929 0.00743498955969755;0.00577910756695484 0.0476095966332071 0.0106268337720762 0.0108694708961638 0.0083378512133613 0.0082287568645105;0.00804218301770519 0.0106268337720762 0.0493710192718445 0.0112386265400226 0.00840834054872021 0.0119055820033608;0.00952705370435264 0.0108694708961638 0.0112386265400226 0.0504688874492807 0.0119671981664172 0.0101398817981342;0.00821929057754929 0.0083378512133613 0.00840834054872021 0.0119671981664172 0.0479096844771474 0.00780368749567519;0.00743498955969755 0.0082287568645105 0.0119055820033608 0.0101398817981342 0.00780368749567519 0.0516995649388396]intento: 104 tiempo: 0.012 [0.0467530530767639 0.0114952220186739 0.00861235336837706 0.00827207224046791 0.0103711053000638 0.00741415897639801;0.0114952220186739 0.0473513595825081 0.00874993322012586 0.00609917560129304 0.00967168743202233 0.00800271576815838;0.00861235336837706 0.00874993322012586 0.0454269424441672 0.00601130647647438 0.00829740544741891 0.00596292528177167;0.00827207224046791 0.00609917560129304 0.00601130647647438 0.0414474715230993 0.00680066097874142 0.00449504864740694;0.0103711053000638 0.00967168743202233 0.00829740544741891 0.00680066097874142 0.0419322520052238 0.00649753158024156;0.00741415897639801 0.00800271576815838 0.00596292528177167 0.00449504864740694 0.00649753158024156 0.0389401673310755]intento: 106 tiempo: 0.013 [0.0421934936301233 0.00869647066118206 0.00750041405494949 0.00787725054098448 0.00774266207936699 0.00785416731070625;0.00869647066118206 0.042874118339555 0.00921633965698757 0.00692721369862864 0.00875864843920078 0.00794072970966596;0.00750041405494949 0.00921633965698757 0.0451151282281737 0.00783279559713861 0.0079023152320249 0.00828214697691538;0.00787725054098448 0.00692721369862864 0.00783279559713861 0.0409439314736205 0.0079232905758685 0.00773003121108813;0.00774266207936699 0.00875864843920078 0.0079023152320249 0.0079232905758685 0.0445260140551168 0.0103250160719822;0.00785416731070625 0.00794072970966596 0.00828214697691538 0.00773003121108813 0.0103250160719822 0.0454723943506667]intento: 108 tiempo: 0.013 [0.0404302994907727 0.00505484108522136 0.00798587659431624 0.00853286819884017 0.00766472560467914 0.00806372473534253;0.00505484108522136 0.038417643939289 0.00604892320430346 0.00700625340461856 0.00552984271942526 0.00452255030538328;0.00798587659431624 0.00604892320430346 0.0429941925069767 0.00815788005565032 0.00773445697424292 0.00683283849786081;0.00853286819884017 0.00700625340461856 0.00815788005565032 0.0425998033325145 0.00838095413258955 0.00905035859796016;0.00766472560467914 0.00552984271942526 0.00773445697424292 0.00838095413258955 0.0422137671703457 0.00558358417865757;0.00806372473534253 0.00452255030538328 0.00683283849786081 0.00905035859796016 0.00558358417865757 0.0444230021977925]intento: 110 tiempo: 0.013 [0.0404861920408411 0.00742509318587095 0.00800874427913937 0.00681006477088033 0.00667789684068764 0.0081132445643339;0.00742509318587095 0.03901006026553 0.00631177321686346 0.00699828862903912 0.00692417800674058 0.00552234266672203;0.00800