intento: 2 tiempo: 0.021 [0.0344804848514244 0.00600945070410318 0.00631654738674109 0.00519843416456929 0.00567414517170443 0.00440971614592392 0.00419971763611882;0.00600945070410318 0.0361869445589678 0.00597640395752136 0.00578318170028813 0.0058755001829644 0.00466417579715446 0.00598568190703671;0.00631654738674109 0.00597640395752136 0.0351717521719525 0.00555275223562009 0.00435141490113557 0.0043527982463403 0.00452021346159423;0.00519843416456929 0.00578318170028813 0.00555275223562009 0.0341345981916476 0.00486693702249156 0.00479717764558724 0.00449462716461817;0.00567414517170443 0.0058755001829644 0.00435141490113557 0.00486693702249156 0.0325784555973269 0.00356494804026315 0.004057322680782;0.00440971614592392 0.00466417579715446 0.0043527982463403 0.00479717764558724 0.00356494804026315 0.0312722645272887 0.00506556687457257;0.00419971763611882 0.00598568190703671 0.00452021346159423 0.00449462716461817 0.004057322680782 0.00506556687457257 0.0336415499390846]intento: 4 tiempo: 0.018 [0.0309610263321448 0.00500558474531389 0.00334168986707922 0.00541481349656636 0.00569366834051261 0.00452359996558059 0.00488953301044587;0.00500558474531389 0.0308743521978866 0.00339775692917631 0.00432464626546742 0.00530526805554637 0.00396687163406966 0.00239696571210435;0.00334168986707922 0.00339775692917631 0.0289552613427285 0.0032726696277124 0.00490254072871159 0.00304732047584103 0.00210217853669998;0.00541481349656636 0.00432464626546742 0.0032726696277124 0.0306887897142192 0.00453200332481001 0.00388727259606149 0.00360120029239779;0.00569366834051261 0.00530526805554637 0.00490254072871159 0.00453200332481001 0.0317043143500167 0.00405165832946045 0.00500868499974907;0.00452359996558059 0.00396687163406966 0.00304732047584103 0.00388727259606149 0.00405165832946045 0.0282762976867083 0.00304141886529783;0.00488953301044587 0.00239696571210435 0.00210217853669998 0.00360120029239779 0.00500868499974907 0.00304141886529783 0.0298972706729272]intento: 6 tiempo: 0.02 [0.0370205135080295 0.004270664443706 0.00629216510185999 0.00653575925740523 0.00662566073966594 0.00538676812015219 0.0038964508065234;0.004270664443706 0.0320338201590655 0.00493169451177724 0.00439131948768649 0.00526664478064456 0.0038334709917857 0.00260192568355611;0.00629216510185999 0.00493169451177724 0.0341150501688437 0.00499262292670649 0.0063240847256107 0.0047633609015744 0.0034173585237418;0.00653575925740523 0.00439131948768649 0.00499262292670649 0.0355711316666745 0.0073062986123978 0.00501541653279929 0.00411794814629584;0.00662566073966594 0.00526664478064456 0.0063240847256107 0.0073062986123978 0.0367457075342827 0.00619115128035201 0.00573366640323285;0.00538676812015219 0.0038334709917857 0.0047633609015744 0.00501541653279929 0.00619115128035201 0.031701617184404 0.00348766622021973;0.0038964508065234 0.00260192568355611 0.0034173585237418 0.00411794814629584 0.00573366640323285 0.00348766622021973 0.0318965722412542]intento: 8 tiempo: 0.014 [0.0365030425797252 0.00449122149613785 0.00509382550286384 0.0061756274912241 0.00520266128673072 0.00510208869747311 0.00638815207363651;0.00449122149613785 0.0374386479798346 0.00497413041699607 0.00517547623678241 0.00397476043554074 0.00661681338828771 0.00466414465765497;0.00509382550286384 0.00497413041699607 0.0344245750469118 0.00615706104078037 0.00383387522977397 0.00473309636230267 0.00636605371935808;0.0061756274912241 0.00517547623678241 0.00615706104078037 0.0350570143707586 0.0053057175928393 0.00400682128895998 0.007225466644953;0.00520266128673072 0.00397476043554074 0.00383387522977397 0.0053057175928393 0.0339880240361655 0.00296644529960643 0.0044185962020601;0.00510208869747311 0.00661681338828771 0.00473309636230267 0.00400682128895998 0.00296644529960643 0.0327561840435406 0.00445507178752197;0.00638815207363651 0.00466414465765497 0.00636605371935808 0.007225466644953 0.0044185962020601 0.00445507178752197 0.0366837323078714]intento: 10 tiempo: 0.017 [0.0311109457466722 0.00320457488731551 0.0041080079613531 0.00336892407630546 0.0047907676155977 0.00495237819435886 0.00444624304739603;0.00320457488731551 0.0288651330869054 0.00372603351485354 0.00407181958954987 0.00391296082551468 0.00330012932600008 0.00331655138789667;0.0041080079613531 0.00372603351485354 0.0296852429764885 0.00386574415998287 0.00409539777592963 0.00430141248100765 0.00435063319498221;0.00336892407630546 0.00407181958954987 0.00386574415998287 0.0296217977632629 0.00512125873287241 0.00379194394100799 0.00431097461479668;0.0047907676155977 0.00391296082551468 0.00409539777592963 0.00512125873287241 0.0320866875766683 0.00480657868111667 0.00413088708056115;0.00495237819435886 0.00330012932600008 0.00430141248100765 0.00379194394100799 0.00480657868111667 0.0317592828007437 0.00468354463697691;0.00444624304739603 0.00331655138789667 0.00435063319498221 0.00431097461479668 0.00413088708056115 0.00468354463697691 0.0283523362071505]intento: 12 tiempo: 0.017 [0.0319506473435733 0.00497755830418537 0.00372233959656451 0.00297196383222224 0.00343842033226962 0.0038165576062793 0.00424153601206158;0.00497755830418537 0.0341924996875847 0.00683095017257239 0.00481544237040011 0.00637057082044398 0.00478924238510134 0.00631925886621104;0.00372233959656451 0.00683095017257239 0.0333916382781392 0.00543317658417124 0.00518974822010189 0.0058560544482987 0.00534557440512184;0.00297196383222224 0.00481544237040011 0.00543317658417124 0.0310022702986333 0.00429044368538034 0.00373429915527242 0.00374887860683564;0.00343842033226962 0.00637057082044398 0.00518974822010189 0.00429044368538034 0.0333436933563091 0.00504277309272846 0.00554520290714121;0.0038165576062793 0.00478924238510134 0.0058560544482987 0.00373429915527242 0.00504277309272846 0.033451464405838 0.00511634879174653;0.00424153601206158 0.00631925886621104 0.00534557440512184 0.00374887860683564 0.00554520290714121 0.00511634879174653 0.0319289435258551]intento: 14 tiempo: 0.017 [0.0353044614464192 0.00553107155279433 0.00635807940620086 0.00518348572357055 0.0046340847629122 0.00728965534022966 0.00586680021161165;0.00553107155279433 0.0334624550172702 0.00559009824440928 0.00399105816409936 0.00564979289744411 0.00666537454379682 0.00410498178596874;0.00635807940620086 0.00559009824440928 0.0351850007633444 0.00433379135372857 0.00385715564124095 0.00507107796539527 0.00520992477915919;0.00518348572357055 0.00399105816409936 0.00433379135372857 0.0315020681176093 0.00381738195484159 0.00397828741828568 0.0051137744051234;0.0046340847629122 0.00564979289744411 0.00385715564124095 0.00381738195484159 0.0332182041834018 0.00511716503766668 0.00317353432519746;0.00728965534022966 0.00666537454379682 0.00507107796539527 0.00397828741828568 0.00511716503766668 0.0344262279270913 0.00489563867176515;0.00586680021161165 0.00410498178596874 0.00520992477915919 0.0051137744051234 0.00317353432519746 0.00489563867176515 0.0329397919013051]intento: 16 tiempo: 0.014 [0.0323440702581573 0.00406179329426191 0.00486123628242967 0.00534553171500512 0.0040957879562639 0.00568874481381803 0.00528935016833951;0.00406179329426191 0.0337902980334992 0.00438226778683209 0.00445070673012187 0.00439744911032753 0.00442180166770013 0.00414209573048103;0.00486123628242967 0.00438226778683209 0.0343374529516306 0.00700272661217601 0.00567694276910054 0.00554642825248232 0.00474795646356016;0.00534553171500512 0.00445070673012187 0.00700272661217601 0.0360575413680114 0.00654808269808043 0.00571939495088794 0.00492651539680407;0.0040957879562639 0.00439744911032753 0.00567694276910054 0.00654808269808043 0.0327610314498521 0.00467390427911221 0.00544674808385543;0.00568874481381803 0.00442180166770013 0.00554642825248232 0.00571939495088794 0.00467390427911221 0.0335507108158099 0.00542710620617935;0.00528935016833951 0.00414209573048103 0.00474795646356016 0.00492651539680407 0.00544674808385543 0.00542710620617935 0.0346817942851853]intento: 18 tiempo: 0.013 [0.0355933965729277 0.00494931402643417 0.00461109393436238 0.00547631776781755 0.00414020503730898 0.00391679786945681 0.0064461549681993;0.00494931402643417 0.0373905186231884 0.00406865500821876 0.00522456480390431 0.00615404086354838 0.00605893368171086 0.00755657806363245;0.00461109393436238 0.00406865500821876 0.0363301440856805 0.00582600530334528 0.0036050332429065 0.0060429814109896 0.00441895712658264;0.00547631776781755 0.00522456480390431 0.00582600530334528 0.0376701768571092 0.00567669379001461 0.0069727022317086 0.00572934073739077;0.00414020503730898 0.00615404086354838 0.0036050332429065 0.00567669379001461 0.034754460895662 0.00499343648116777 0.0050745183751522;0.00391679786945681 0.00605893368171086 0.0060429814109896 0.0069727022317086 0.00499343648116777 0.0373216820184058 0.00772417902246105;0.0064461549681993 0.00755657806363245 0.00441895712658264 0.00572934073739077 0.0050745183751522 0.00772417902246105 0.039090243392581]intento: 20 tiempo: 0.017 [0.0326330731250315 0.00535088137581215 0.00298993634955006 0.00378111944450349 0.00451448508157348 0.00545560858787358 0.00416408545469859;0.00535088137581215 0.0326083666252985 0.00486125997530197 0.00512295911431496 0.00359856112822766 0.00521728324825378 0.00438384651003649;0.00298993634955006 0.00486125997530197 0.0316778374134768 0.00394209004612563 0.00349588218918029 0.00330390243928336 0.00290022388499109;0.00378111944450349 0.00512295911431496 0.00394209004612563 0.0319966987209823 0.00512223935407784 0.00483050873716752 0.00556042840383995;0.00451448508157348 0.00359856112822766 0.00349588218918029 0.00512223935407784 0.0328633111811786 0.00415294609184199 0.0041739678236085;0.00545560858787358 0.00521728324825378 0.00330390243928336 0.00483050873716752 0.00415294609184199 0.0331681760808351 0.00538511001112053;0.00416408545469859 0.00438384651003649 0.00290022388499109 0.00556042840383995 0.0041739678236085 0.00538511001112053 0.0313134484387753]intento: 22 tiempo: 0.014 [0.0408979156632412 0.00723745079468709 0.00496339056444093 0.00722836916975258 0.00626979142452761 0.00729469144720268 0.00465344354414391;0.00723745079468709 0.045099826518007 0.00893038980412854 0.00931705717008583 0.00938910194316697 0.00588698495016722 0.00661694014417004;0.00496339056444093 0.00893038980412854 0.0392515722216175 0.0074868253751334 0.00591857556766981 0.00430019478997367 0.00561648843294528;0.00722836916975258 0.00931705717008583 0.0074868253751334 0.0432884602125225 0.00747252806475127 0.00605503269306468 0.00600086903625054;0.00626979142452761 0.00938910194316697 0.00591857556766981 0.00747252806475127 0.0418995281048588 0.00628337364156253 0.00641111741271054;0.00729469144720268 0.00588698495016722 0.00430019478997367 0.00605503269306468 0.00628337364156253 0.0387229374957228 0.00368685928919709;0.00465344354414391 0.00661694014417004 0.00561648843294528 0.00600086903625054 0.00641111741271054 0.00368685928919709 0.0417182360158876]intento: 24 tiempo: 0.014 [0.0372811573240362 0.00480320691972903 0.0060643437600229 0.00518633980347353 0.0040643374268112 0.00613937011860216 0.00523650750807675;0.00480320691972903 0.0385233756572758 0.00679676873452101 0.00433845729722578 0.00662263235746906 0.00640688520283578 0.00504369516517898;0.0060643437600229 0.00679676873452101 0.0381390027058133 0.00683429341962128 0.00442066569921642 0.005497942907423 0.00685453471879817;0.00518633980347353 0.00433845729722578 0.00683429341962128 0.0392381682071515 0.00507759021055786 0.00672258519958244 0.00616167280531853;0.0040643374268112 0.00662263235746906 0.00442066569921642 0.00507759021055786 0.0349413732983009 0.00496590437670444 0.00481978145493556;0.00613937011860216 0.00640688520283578 0.005497942907423 0.00672258519958244 0.00496590437670444 0.0397941259797278 0.00721909079648558;0.00523650750807675 0.00504369516517898 0.00685453471879817 0.00616167280531853 0.00481978145493556 0.00721909079648558 0.0407217713891874]intento: 26 tiempo: 0.016 [0.0325120042752671 0.00426503380471503 0.00480501536771566 0.0051666147448371 0.00457681955809795 0.00526371237386839 0.00480653857083009;0.00426503380471503 0.0333548581901735 0.00471297359967697 0.00524650223221276 0.00368878980617564 0.00484055741404832 0.00490523299612439;0.00480501536771566 0.00471297359967697 0.0318344225880174 0.0043611785816317 0.00509533881850458 0.00483202348075787 0.00561957923580508;0.0051666147448371 0.00524650223221276 0.0043611785816317 0.0345520214406819 0.00625201562351867 0.00664772143398411 0.00534109626198061;0.00457681955809795 0.00368878980617564 0.00509533881850458 0.00625201562351867 0.0332186384373842 0.00335951277264585 0.00506211493468921;0.00526371237386839 0.00484055741404832 0.00483202348075787 0.00664772143398411 0.00335951277264585 0.0319925768120164 0.00549805419928619;0.00480653857083009 0.00490523299612439 0.00561957923580508 0.00534109626198061 0.00506211493468921 0.00549805419928619 0.0329590521532824]intento: 28 tiempo: 0.014 [0.0448324552913151 0.00917988987851267 0.0096749424283477 0.00736615183881487 0.00618389026835784 0.00867201110314347 0.00785600655511287;0.00917988987851267 0.0451682166089356 0.00842121267590782 0.00965087157650925 0.00722783210958909 0.00851433437171774 0.00708143226685087;0.0096749424283477 0.00842121267590782 0.0469181723598917 0.00938683725251611 0.00566332236373826 0.00919747875465599 0.0092748792574313;0.00736615183881487 0.00965087157650925 0.00938683725251611 0.0484383539423217 0.00848150217855995 0.00641988261627074 0.00659587735433126;0.00618389026835784 0.00722783210958909 0.00566332236373826 0.00848150217855995 0.0437205884565419 0.00601772140021803 0.00630598239266481;0.00867201110314347 0.00851433437171774 0.00919747875465599 0.00641988261627074 0.00601772140021803 0.0456848625512001 0.00662310032624633;0.00785600655511287 0.00708143226685087 0.0092748792574313 0.00659587735433126 0.00630598239266481 0.00662310032624633 0.0459378049178018]intento: 30 tiempo: 0.017 [0.0319889109023339 0.00477144417215655 0.00533186387046597 0.00506365929852107 0.0056524556177468 0.00500286839415205 0.00533382156739778;0.00477144417215655 0.0305123004082517 0.00428966610297799 0.00423714751407471 0.00441342535330468 0.0037636378716695 0.00388522382680642;0.00533186387046597 0.00428966610297799 0.0309121467721259 0.00433430884234282 0.00423274462881395 0.00342666642586635 0.00480965854286046;0.00506365929852107 0.00423714751407471 0.00433430884234282 0.0306608036546647 0.00540032376470959 0.00348910269990711 0.00342744395554459;0.0056524556177468 0.00441342535330468 0.00423274462881395 0.00540032376470959 0.0321852991493781 0.00358318210943671 0.00465487667992232;0.00500286839415205 0.0037636378716695 0.00342666642586635 0.00348910269990711 0.00358318210943671 0.0297188421356852 0.00410162803389707;0.00533382156739778 0.00388522382680642 0.00480965854286046 0.00342744395554459 0.00465487667992232 0.00410162803389707 0.0306824758729453]intento: 32 tiempo: 0.017 [0.0314827085313346 0.0049789888534533 0.00466040544007314 0.00389035997147842 0.00438765015543658 0.0036329562713911 0.00459529878409486;0.0049789888534533 0.0317125443258264 0.00532526931324032 0.00399944054711694 0.00439426131510881 0.00553606816143266 0.00430469611257431;0.00466040544007314 0.00532526931324032 0.0325129833952063 0.00516265299559687 0.00631999352129465 0.00442860896066292 0.00467011915706671;0.00389035997147842 0.00399944054711694 0.00516265299559687 0.0302611035781663 0.00468048878435528 0.00363261484780047 0.00313936515007615;0.00438765015543658 0.00439426131510881 0.00631999352129465 0.00468048878435528 0.033415913762886 0.00437679292139783 0.00508736839457843;0.0036329562713911 0.00553606816143266 0.00442860896066292 0.00363261484780047 0.00437679292139783 0.0313456135724956 0.00444340879312099;0.00459529878409486 0.00430469611257431 0.00467011915706671 0.00313936515007615 0.00508736839457843 0.00444340879312099 0.0330991330911758]intento: 34 tiempo: 0.017 [0.0314773862789335 0.00411795382900151 0.0046612467547618 0.00533115947003616 0.00371358002219084 0.00445745298493929 0.00333095396316548;0.00411795382900151 0.0333085345978921 0.00519765737369476 0.00677821329437378 0.00552438227818706 0.0043089211210486 0.00432639567913513;0.0046612467547618 0.00519765737369476 0.0325534457607918 0.00675965635738524 0.00486277635666179 0.00473269319483699 0.00397976582282682;0.00533115947003616 0.00677821329437378 0.00675965635738524 0.0351064927754433 0.00586343786567143 0.00432364239438115 0.00358229809065574;0.00371358002219084 0.00552438227818706 0.00486277635666179 0.00586343786567143 0.0307027480900538 0.0039599393030284 0.00367243952477694;0.00445745298493929 0.0043089211210486 0.00473269319483699 0.00432364239438115 0.0039599393030284 0.0320372587600082 0.00377744397976937;0.00333095396316548 0.00432639567913513 0.00397976582282682 0.00358229809065574 0.00367243952477694 0.00377744397976937 0.0312412810441363]intento: 36 tiempo: 0.017 [0.0315789562796094 0.00444470512493569 0.00487015523777585 0.00489928387599009 0.0054937305973642 0.00523227700078609 0.00407004644548307;0.00444470512493569 0.0313108189425836 0.00490000446267528 0.00401897355299608 0.00449945368900921 0.00514723013091038 0.00360195761640635;0.00487015523777585 0.00490000446267528 0.0333109977869858 0.00473488136888113 0.00424245060719264 0.00667999701301033 0.00533351227077463;0.00489928387599009 0.00401897355299608 0.00473488136888113 0.0335922603055169 0.00475058652619041 0.00532677887672023 0.00481268997677802;0.0054937305973642 0.00449945368900921 0.00424245060719264 0.00475058652619041 0.0347454768415815 0.00550999622685814 0.00417801389666634;0.00523227700078609 0.00514723013091038 0.00667999701301033 0.00532677887672023 0.00550999622685814 0.0360771840213754 0.00601641672889238;0.00407004644548307 0.00360195761640635 0.00533351227077463 0.00481268997677802 0.00417801389666634 0.00601641672889238 0.0324474678582644]intento: 38 tiempo: 0.013 [0.0344605447209871 0.00559835338942651 0.00487126841683045 0.00487357743117165 0.00470189925924591 0.0047484092835507 0.00496850794729503;0.00559835338942651 0.0375908268889235 0.00373661653636393 0.00532574130501509 0.00508810816704738 0.00795418095713244 0.00577506656035762;0.00487126841683045 0.00373661653636393 0.0359762524758801 0.00557816492107275 0.00385236113882631 0.0055644195504531 0.00372459867057018;0.00487357743117165 0.00532574130501509 0.00557816492107275 0.0387884892755898 0.00498727709768368 0.00731948710366776 0.00661059597833706;0.00470189925924591 0.00508810816704738 0.00385236113882631 0.00498727709768368 0.0368272791914106 0.00607050782549379 0.00497872493427858;0.0047484092835507 0.00795418095713244 0.0055644195504531 0.00731948710366776 0.00607050782549379 0.0405185409955669 0.00550742740958153;0.00496850794729503 0.00577506656035762 0.00372459867057018 0.00661059597833706 0.00497872493427858 0.00550742740958153 0.0378820202005312]intento: 40 tiempo: 0.014 [0.0363648361182767 0.00527458398990498 0.00663802907143833 0.00414962671578079 0.00513309048959882 0.00570015006458242 0.00703331361798582;0.00527458398990498 0.0337280286253468 0.00438465614317806 0.00546132123675641 0.00575691578917698 0.00426221180755858 0.00445818104043382;0.00663802907143833 0.00438465614317806 0.034552366231346 0.00517997880020149 0.00411499700024931 0.00526393721916619 0.00678112071764878;0.00414962671578079 0.00546132123675641 0.00517997880020149 0.0335128575491197 0.00426485133795749 0.00628095297856161 0.00574553167677827;0.00513309048959882 0.00575691578917698 0.00411499700024931 0.00426485133795749 0.0332461427728524 0.00417603556265768 0.00543106251518405;0.00570015006458242 0.00426221180755858 0.00526393721916619 0.00628095297856161 0.00417603556265768 0.0346311732249854 0.00591792175542885;0.00703331361798582 0.00445818104043382 0.00678112071764878 0.00574553167677827 0.00543106251518405 0.00591792175542885 0.0379048110844946]intento: 42 tiempo: 0.017 [0.034354086882898 0.00651645143353315 0.00408342025202203 0.00526926854524861 0.00408471283433002 0.00494184747147908 0.0046814289664287;0.00651645143353315 0.0333559744430262 0.00540545435239732 0.00592405216330031 0.0060752116645048 0.00448180318381405 0.00497592081561069;0.00408342025202203 0.00540545435239732 0.0326926644925827 0.00441991569595286 0.00533474724863084 0.00520007801213686 0.00533705232357538;0.00526926854524861 0.00592405216330031 0.00441991569595286 0.0346718932668698 0.00455292824816099 0.00705904492080352 0.00399804096756265;0.00408471283433002 0.0060752116645048 0.00533474724863084 0.00455292824816099 0.0338753268885248 0.00493873294407337 0.00533600118010156;0.00494184747147908 0.00448180318381405 0.00520007801213686 0.00705904492080352 0.00493873294407337 0.0347801527598404 0.00519050818033163;0.0046814289664287 0.00497592081561069 0.00533705232357538 0.00399804096756265 0.00533600118010156 0.00519050818033163 0.0348556948198014]intento: 44 tiempo: 0.017 [0.0390752737599492 0.00592870928794574 0.00695041274291 0.00452670290624392 0.00435746018760999 0.00582276864002374 0.00717389258264148;0.00592870928794574 0.0374781813450664 0.00552932227148717 0.00563184128832304 0.00494941402255418 0.00546505607793907 0.00632563650607079;0.00695041274291 0.00552932227148717 0.037314858163377 0.00687720775060588 0.00559923873887677 0.00704968970700636 0.00754238244864168;0.00452670290624392 0.00563184128832304 0.00687720775060588 0.0384359621338108 0.00636242512972565 0.00557196074473159 0.00883805409069563;0.00435746018760999 0.00494941402255418 0.00559923873887677 0.00636242512972565 0.0384082713005494 0.00728857507710239 0.00760566476069584;0.00582276864002374 0.00546505607793907 0.00704968970700636 0.00557196074473159 0.00728857507710239 0.038088499263734 0.00631770446998265;0.00717389258264148 0.00632563650607079 0.00754238244864168 0.00883805409069563 0.00760566476069584 0.00631770446998265 0.0411431712843297]intento: 46 tiempo: 0.014 [0.0367369976144266 0.00371234326695262 0.00467369204666062 0.00535748894217114 0.0070237993847107 0.00392591804114751 0.00565694968478589;0.00371234326695262 0.0355452168390736 0.00404319386845444 0.00435334277126969 0.00394769475550354 0.00497864984223611 0.00521871667878464;0.00467369204666062 0.00404319386845444 0.0394256007709759 0.00672189214010561 0.00732258839317077 0.00548112598417575 0.00775266738905751;0.00535748894217114 0.00435334277126969 0.00672189214010561 0.0394700913878459 0.00608782084159376 0.00475228158985244 0.00581266170448423;0.0070237993847107 0.00394769475550354 0.00732258839317077 0.00608782084159376 0.041082051502506 0.00622487443813661 0.00752492316129471;0.00392591804114751 0.00497864984223611 0.00548112598417575 0.00475228158985244 0.00622487443813661 0.0376429650138157 0.00569633778743757;0.00565694968478589 0.00521871667878464 0.00775266738905751 0.00581266170448423 0.00752492316129471 0.00569633778743757 0.0376892713408904]intento: 48 tiempo: 0.017 [0.0367273619760768 0.00585502719261871 0.00333416801385902 0.00586144798606278 0.00550284923953545 0.00336709739018784 0.00724217686435306;0.00585502719261871 0.0367689820076893 0.00481556346019264 0.00479968029828084 0.00600976753581463 0.00524205340311751 0.00696066150548195;0.00333416801385902 0.00481556346019264 0.034987622168991 0.00513841386724884 0.00489045266614358 0.0063463540708495 0.00495967062477458;0.00586144798606278 0.00479968029828084 0.00513841386724884 0.034807433241563 0.00499649755901878 0.0044918739304606 0.00457710871965516;0.00550284923953545 0.00600976753581463 0.00489045266614358 0.00499649755901878 0.0386448414878416 0.00643604741046098 0.0060492845305303;0.00336709739018784 0.00524205340311751 0.0063463540708495 0.0044918739304606 0.00643604741046098 0.0361720612903957 0.00478085006774352;0.00724217686435306 0.00696066150548195 0.00495967062477458 0.00457710871965516 0.0060492845305303 0.00478085006774352 0.0364172440238979]intento: 50 tiempo: 0.015 [0.0409530458463988 0.00642804004025104 0.00733283155950605 0.00711085798520114 0.00662433699265195 0.00567617212374572 0.00709263090981379;0.00642804004025104 0.0393964388577023 0.00480378060848919 0.00725551550949123 0.00570938207891708 0.00660271593913683 0.00585215082092055;0.00733283155950605 0.00480378060848919 0.0386061595120999 0.00694165281188492 0.00526711128998667 0.00568782714931618 0.00588715676286487;0.00711085798520114 0.00725551550949123 0.00694165281188492 0.0421762721559801 0.00692058723038036 0.00549592094706007 0.00607456382455263;0.00662433699265195 0.00570938207891708 0.00526711128998667 0.00692058723038036 0.037473154830509 0.00445348382383203 0.0049123099998003;0.00567617212374572 0.00660271593913683 0.00568782714931618 0.00549592094706007 0.00445348382383203 0.0371057540768654 0.00623134553797361;0.00709263090981379 0.00585215082092055 0.00588715676286487 0.00607456382455263 0.0049123099998003 0.00623134553797361 0.0398472656842043]intento: 52 tiempo: 0.017 [0.0348562993807094 0.00593402772124655 0.00588485966097714 0.0057571088127639 0.00466915558168231 0.00593043494115997 0.00589656324424932;0.00593402772124655 0.0319973414119111 0.0052214997007197 0.00429366416560599 0.00386307383544866 0.00388611031706162 0.00459167755659398;0.00588485966097714 0.0052214997007197 0.0315202264471307 0.00438886958395047 0.00365983244078719 0.0045372295987998 0.00328918591344214;0.0057571088127639 0.00429366416560599 0.00438886958395047 0.0302057068397994 0.00363389265760804 0.00442247072568209 0.00386647055559501;0.00466915558168231 0.00386307383544866 0.00365983244078719 0.00363389265760804 0.0301317772499883 0.00330801305098061 0.00327286778821401;0.00593043494115997 0.00388611031706162 0.0045372295987998 0.00442247072568209 0.00330801305098061 0.0307073976196293 0.00261873018563354;0.00589656324424932 0.00459167755659398 0.00328918591344214 0.00386647055559501 0.00327286778821401 0.00261873018563354 0.0319740782115087]intento: 54 tiempo: 0.014 [0.0363133136514916 0.00424788206697224 0.00584084448043896 0.00461474316098218 0.00533815357497094 0.00440000485117313 0.00394153224353138;0.00424788206697224 0.0358705155965378 0.00626838421296183 0.00484527803852458 0.00594410687606106 0.00531256438669912 0.00385535204740005;0.00584084448043896 0.00626838421296183 0.0382135989752103 0.00551186169780052 0.00812614708646981 0.0065755066137708 0.00547640842039202;0.00461474316098218 0.00484527803852458 0.00551186169780052 0.0340019849985856 0.00652892162539569 0.00668057552342613 0.00427877861780087;0.00533815357497094 0.00594410687606106 0.00812614708646981 0.00652892162539569 0.0382277384892432 0.00663857083150131 0.00583321678210935;0.00440000485117313 0.00531256438669912 0.0065755066137708 0.00668057552342613 0.00663857083150131 0.0359139547691523 0.00489848138969411;0.00394153224353138 0.00385535204740005 0.00547640842039202 0.00427877861780087 0.00583321678210935 0.00489848138969411 0.0329363464712104]intento: 56 tiempo: 0.02 [0.033752844423035 0.00492167847012311 0.00665755897138818 0.00664791764191382 0.00414475997275271 0.00388381876965102 0.00587549996802542;0.00492167847012311 0.0335576223016403 0.00363459287907896 0.00351559637069346 0.00281987813216374 0.00411639300158129 0.004262055987477;0.00665755897138818 0.00363459287907896 0.0357963993350775 0.0063560448774185 0.00510554598959984 0.00462401784582141 0.00551460231945696;0.00664791764191382 0.00351559637069346 0.0063560448774185 0.0351413945375412 0.0056216643435502 0.00404164714558347 0.00656248344743493;0.00414475997275271 0.00281987813216374 0.00510554598959984 0.0056216643435502 0.0339934541414348 0.00653629881061565 0.00459578574799959;0.00388381876965102 0.00411639300158129 0.00462401784582141 0.00404164714558347 0.00653629881061565 0.0348063525521791 0.00679711915979969;0.00587549996802542 0.004262055987477 0.00551460231945696 0.00656248344743493 0.00459578574799959 0.00679711915979969 0.0350865695299137]intento: 58 tiempo: 0.017 [0.0334910152514899 0.00634168463745269 0.00407625052998372 0.00365616943787901 0.00475678164630357 0.0054814145318032 0.00543806954838744;0.00634168463745269 0.0352800802309449 0.0048600803061784 0.00470737791216515 0.00667333587130603 0.00638003324827034 0.00733709100297739;0.00407625052998372 0.0048600803061784 0.0345292802154331 0.00557534220745906 0.00533818606625465 0.00575231430856332 0.00601512700485292;0.00365616943787901 0.00470737791216515 0.00557534220745906 0.0345861221223263 0.00557459670902647 0.00489758875296149 0.00572374551699333;0.00475678164630357 0.00667333587130603 0.00533818606625465 0.00557459670902647 0.0340540991917493 0.00573780125897713 0.00633733150374026;0.0054814145318032 0.00638003324827034 0.00575231430856332 0.00489758875296149 0.00573780125897713 0.0364062714559499 0.00683710563375749;0.00543806954838744 0.00733709100297739 0.00601512700485292 0.00572374551699333 0.00633733150374026 0.00683710563375749 0.0363332781408791]intento: 60 tiempo: 0.018 [0.0352080700827714 0.00652771426978212 0.00565493484738166 0.00464649970854885 0.00468486387074329 0.00601037300842185 0.0045387181885415;0.00652771426978212 0.03657466683809 0.00504020765446592 0.00557312257636743 0.00667575982318329 0.00675626336850951 0.00683057393060336;0.00565493484738166 0.00504020765446592 0.0365044290414208 0.00631343077390334 0.00612729078867939 0.00488176041057372 0.00587037709009468;0.00464649970854885 0.00557312257636743 0.00631343077390334 0.0362965731586153 0.00629197805605758 0.0045562921837471 0.00431035553258664;0.00468486387074329 0.00667575982318329 0.00612729078867939 0.00629197805605758 0.0369454522968412 0.00588171164694121 0.00518819967712661;0.00601037300842185 0.00675626336850951 0.00488176041057372 0.0045562921837471 0.00588171164694121 0.0376684566830488 0.00473140531761495;0.0045387181885415 0.00683057393060336 0.00587037709009468 0.00431035553258664 0.00518819967712661 0.00473140531761495 0.0366980820427771]intento: 62 tiempo: 0.018 [0.0332726404193588 0.00460696970622472 0.00463141645656749 0.00557480878968868 0.00616793120771587 0.0043894155432728 0.00593350559901111;0.00460696970622472 0.0349656216005321 0.00509902992521943 0.00577963444115302 0.00355524853199682 0.00599420176188214 0.00464863603170006;0.00463141645656749 0.00509902992521943 0.0336319579327324 0.00613015801588322 0.00598626584396253 0.0050501313340263 0.00629609889931247;0.00557480878968868 0.00577963444115302 0.00613015801588322 0.0355780963985044 0.00512519594397648 0.00424164126414551 0.00618084164869917;0.00616793120771587 0.00355524853199682 0.00598626584396253 0.00512519594397648 0.034629643581368 0.00357556492000126 0.00438768782822609;0.0043894155432728 0.00599420176188214 0.0050501313340263 0.00424164126414551 0.00357556492000126 0.0331587502446257 0.0040017972545703;0.00593350559901111 0.00464863603170006 0.00629609889931247 0.00618084164869917 0.00438768782822609 0.0040017972545703 0.0335191822276819]intento: 64 tiempo: 0.016 [0.030123241398425 0.00444172756498341 0.00372576489003482 0.00516230272457884 0.0038431601394128 0.00355579264144581 0.00426596054546909;0.00444172756498341 0.0310102025717453 0.00484625415848426 0.00538091219120507 0.00458040499447842 0.00390111496603079 0.0051225105781419;0.00372576489003482 0.00484625415848426 0.0284964915765796 0.00527572585711169 0.00417920510120628 0.00346709996181818 0.00409275837315196;0.00516230272457884 0.00538091219120507 0.00527572585711169 0.0314587257707018 0.00474781886987661 0.00289359577566499 0.00504302478897729;0.0038431601394128 0.00458040499447842 0.00417920510120628 0.00474781886987661 0.0288577779550977 0.00249238309421158 0.00368160073361899;0.00355579264144581 0.00390111496603079 0.00346709996181818 0.00289359577566499 0.00249238309421158 0.0295044037092156 0.00402716756224981;0.00426596054546909 0.0051225105781419 0.00409275837315196 0.00504302478897729 0.00368160073361899 0.00402716756224981 0.0312433080337301]intento: 66 tiempo: 0.014 [0.0356608271057351 0.00574097056050341 0.00684764499575511 0.00418771039130223 0.00556239873159465 0.00617028980601196 0.00433667684063773;0.00574097056050341 0.039174683038038 0.00773355466954188 0.00537452747265057 0.00622081366537259 0.0069877013026233 0.00760024982613109;0.00684764499575511 0.00773355466954188 0.0384743102390514 0.00662093543961246 0.00630678108560896 0.00595441462189485 0.00611632635233627;0.00418771039130223 0.00537452747265057 0.00662093543961246 0.039252379011304 0.00615233297277627 0.0037723553790621 0.00648150481352768;0.00556239873159465 0.00622081366537259 0.00630678108560896 0.00615233297277627 0.037217832385867 0.00667701795543592 0.00621832516646691;0.00617028980601196 0.0069877013026233 0.00595441462189485 0.0037723553790621 0.00667701795543592 0.0382381032663495 0.00570402927694998;0.00433667684063773 0.00760024982613109 0.00611632635233627 0.00648150481352768 0.00621832516646691 0.00570402927694998 0.0406446127647627]intento: 68 tiempo: 0.017 [0.0320615947518246 0.00586976584841588 0.0052504749258062 0.00462517225074041 0.0048327435646984 0.00379018424868026 0.0038836021764102;0.00586976584841588 0.0335103933968903 0.00609678313189857 0.00525890866693548 0.00453848345308147 0.00626218970210283 0.00456857719862601;0.0052504749258062 0.00609678313189857 0.0319550537959561 0.00446179416674275 0.00482927308742346 0.00412440842826009 0.0053331779065734;0.00462517225074041 0.00525890866693548 0.00446179416674275 0.0316680581138961 0.00495715127026993 0.00596337633130233 0.00484554012103791;0.0048327435646984 0.00453848345308147 0.00482927308742346 0.00495715127026993 0.0333091049199772 0.00453102645127839 0.00527196115061138;0.00379018424868026 0.00626218970210283 0.00412440842826009 0.00596337633130233 0.00453102645127839 0.0334792345236097 0.00440269676214618;0.0038836021764102 0.00456857719862601 0.0053331779065734 0.00484554012103791 0.00527196115061138 0.00440269676214618 0.0327798460066942]intento: 70 tiempo: 0.018 [0.0356713860335276 0.00415796426150512 0.00460743628304041 0.00423446509066895 0.00628681732883541 0.00594393832982792 0.00610349423214856;0.00415796426150512 0.0332367425079276 0.00465887626629798 0.00347406943038109 0.00589163552976285 0.00592422307008707 0.00447597052246432;0.00460743628304041 0.00465887626629798 0.0324223760475857 0.00364544574080851 0.00409465519676462 0.00511771354598867 0.00570211232705757;0.00423446509066895 0.00347406943038109 0.00364544574080851 0.033785329646015 0.00589077575065961 0.00558610644050705 0.00395315246340812;0.00628681732883541 0.00589163552976285 0.00409465519676462 0.00589077575065961 0.0347411351160099 0.0063258470695126 0.00575794090335438;0.00594393832982792 0.00592422307008707 0.00511771354598867 0.00558610644050705 0.0063258470695126 0.034580887300299 0.00427227400337151;0.00610349423214856 0.00447597052246432 0.00570211232705757 0.00395315246340812 0.00575794090335438 0.00427227400337151 0.0344229704500445]intento: 72 tiempo: 0.014 [0.0402314225851704 0.00605715444103023 0.00536493882762754 0.00857734295057191 0.00458028633279656 0.00839560959625021 0.00692477972209431;0.00605715444103023 0.0411576118392603 0.00452809706129993 0.00573419110191839 0.00699377670791897 0.00581676203287204 0.00929894875482276;0.00536493882762754 0.00452809706129993 0.037865782648905 0.00475376857496027 0.00389078156778415 0.00557977445934683 0.00691639853634275;0.00857734295057191 0.00573419110191839 0.00475376857496027 0.0371508124704971 0.00487013563391166 0.00657278010792591 0.00565607005005255;0.00458028633279656 0.00699377670791897 0.00389078156778415 0.00487013563391166 0.0373606689935846 0.00652527066703001 0.00543317465441488;0.00839560959625021 0.00581676203287204 0.00557977445934683 0.00657278010792591 0.00652527066703001 0.0424568224430773 0.00752617989114953;0.00692477972209431 0.00929894875482276 0.00691639853634275 0.00565607005005255 0.00543317465441488 0.00752617989114953 0.0414282122376258]intento: 74 tiempo: 0.014 [0.0401562631323229 0.00543088047131626 0.0049160442563844 0.00660677904054993 0.00733799907878016 0.00612579213471126 0.00558727650238319;0.00543088047131626 0.0367363052563542 0.00529107500179099 0.00581727920548241 0.00600074373469304 0.00393580611615654 0.00464226217320971;0.0049160442563844 0.00529107500179099 0.0370221489141105 0.00627171278129165 0.00544548936146292 0.00630996960702376 0.00449624757669053;0.00660677904054993 0.00581727920548241 0.00627171278129165 0.0422008125991508 0.00940055673098584 0.00734833976578058 0.00853520660807012;0.00733799907878016 0.00600074373469304 0.00544548936146292 0.00940055673098584 0.0414289305486581 0.00714455623998937 0.0071651505981138;0.00612579213471126 0.00393580611615654 0.00630996960702376 0.00734833976578058 0.00714455623998937 0.0375542424264561 0.00751125783199856;0.00558727650238319 0.00464226217320971 0.00449624757669053 0.00853520660807012 0.0071651505981138 0.00751125783199856 0.041721183130466]intento: 76 tiempo: 0.017 [0.0316017775710507 0.00457706887306956 0.00539994341783123 0.00505568065732509 0.00480368327710727 0.00368276822197131 0.00544781320749345;0.00457706887306956 0.0306752538553353 0.00560818382638547 0.00544529572728833 0.00455419527475084 0.00451327833527155 0.00397351396819687;0.00539994341783123 0.00560818382638547 0.0313626892165138 0.00485067037342609 0.00426329703095868 0.00461561888326811 0.00400716292897788;0.00505568065732509 0.00544529572728833 0.00485067037342609 0.0318249380976298 0.00493667447810691 0.00422273758173199 0.00436714827552822;0.00480368327710727 0.00455419527475084 0.00426329703095868 0.00493667447810691 0.0318396094855028 0.00325106497159962 0.00511238741172697;0.00368276822197131 0.00451327833527155 0.00461561888326811 0.00422273758173199 0.00325106497159962 0.0303702829788985 0.00291258718539994;0.00544781320749345 0.00397351396819687 0.00400716292897788 0.00436714827552822 0.00511238741172697 0.00291258718539994 0.0309908206499813]intento: 78 tiempo: 0.014 [0.0355256113993979 0.00562063830777101 0.00536664743648201 0.00564650094515486 0.00611132018807158 0.00414107143979685 0.00529290213547548;0.00562063830777101 0.0369241419282818 0.0043742231669866 0.00385797749818594 0.00691056435098307 0.00505768670451825 0.00477688400273229;0.00536664743648201 0.0043742231669866 0.0371758715152755 0.00651967492026034 0.00650141829291537 0.00576950953025176 0.0058099139368982;0.00564650094515486 0.00385797749818594 0.00651967492026034 0.0378702110381657 0.00644488859194393 0.00442530918222997 0.00642069803785214;0.00611132018807158 0.00691056435098307 0.00650141829291537 0.00644488859194393 0.0365358636977262 0.00612270706373889 0.00621369798568419;0.00414107143979685 0.00505768670451825 0.00576950953025176 0.00442530918222997 0.00612270706373889 0.0342183420605077 0.00566648347048356;0.00529290213547548 0.00477688400273229 0.0058099139368982 0.00642069803785214 0.00621369798568419 0.00566648347048356 0.0383374273789126]intento: 80 tiempo: 0.017 [0.0316356034627146 0.00515278942227612 0.00448840254923211 0.00540611294721719 0.00485321896426348 0.00448306415020232 0.00509849626804516;0.00515278942227612 0.0327554082668205 0.00388479145104048 0.00486762590980724 0.00374736586875169 0.00469132391077267 0.0051905175800567;0.00448840254923211 0.00388479145104048 0.0305169306148099 0.00327943620180785 0.00415271114753771 0.00338240101010881 0.00403876208233505;0.00540611294721719 0.00486762590980724 0.00327943620180785 0.0321254259140522 0.00371838082058976 0.00526043325278275 0.00532060369391053;0.00485321896426348 0.00374736586875169 0.00415271114753771 0.00371838082058976 0.0306958825660532 0.00355307010659636 0.00351075534670668;0.00448306415020232 0.00469132391077267 0.00338240101010881 0.00526043325278275 0.00355307010659636 0.0300254112596798 0.00472656407921094;0.00509849626804516 0.0051905175800567 0.00403876208233505 0.00532060369391053 0.00351075534670668 0.00472656407921094 0.0319431628303765]intento: 82 tiempo: 0.014 [0.0354076020725436 0.00406926591400792 0.00537593613439842 0.00599688558914823 0.00526740172548107 0.0051370150357771 0.00630863561800659;0.004