intento: 2 tiempo: 0.022 [0.0261694909420955 0.00320966020026386 0.00187662874285511 0.00339132441948838 0.00273172118034529 0.00362938484550348 0.00411941404513933 0.0032006505442041;0.00320966020026386 0.0249448278689216 0.00318825308736768 0.00320018087861173 0.00306392752196591 0.00299165789407054 0.00291817626462342 0.00360353187307205;0.00187662874285511 0.00318825308736768 0.0250241095513049 0.0030010813289741 0.00238094575139762 0.00349946069397393 0.00199213598445266 0.00307358058428203;0.00339132441948838 0.00320018087861173 0.0030010813289741 0.0265943512904263 0.00374813255497133 0.00341667461569674 0.00399730767984473 0.00349468565043976;0.00273172118034529 0.00306392752196591 0.00238094575139762 0.00374813255497133 0.0256751021586754 0.00367588664497469 0.00355502734581673 0.00348706722825916;0.00362938484550348 0.00299165789407054 0.00349946069397393 0.00341667461569674 0.00367588664497469 0.026237919463081 0.00333323684033507 0.00364816407973438;0.00411941404513933 0.00291817626462342 0.00199213598445266 0.00399730767984473 0.00355502734581673 0.00333323684033507 0.0253832018720313 0.00338582974921057;0.0032006505442041 0.00360353187307205 0.00307358058428203 0.00349468565043976 0.00348706722825916 0.00364816407973438 0.00338582974921057 0.0262467777834245]intento: 4 tiempo: 0.019 [0.0294865126506636 0.00405953840931982 0.00367287511386481 0.00438358882589981 0.00335235391007021 0.00282830646098587 0.00392223323384268 0.00298176552135539;0.00405953840931982 0.031542844231143 0.00400186573052779 0.00458897591855537 0.00475220741992883 0.0036525178290858 0.00514108636026531 0.00411151991022406;0.00367287511386481 0.00400186573052779 0.0312285899726425 0.0046293270303837 0.00359369588858912 0.00431808301785281 0.00459215639166574 0.00405436107215033;0.00438358882589981 0.00458897591855537 0.0046293270303837 0.0324172903616861 0.00413435329248278 0.00532082815503689 0.00341051967522811 0.00453472692129611;0.00335235391007021 0.00475220741992883 0.00359369588858912 0.00413435329248278 0.0309569686185701 0.00300854347627189 0.00461556721358791 0.00337479536813003;0.00282830646098587 0.0036525178290858 0.00431808301785281 0.00532082815503689 0.00300854347627189 0.0297701303903816 0.00364757295929427 0.00273688111339953;0.00392223323384268 0.00514108636026531 0.00459215639166574 0.00341051967522811 0.00461556721358791 0.00364757295929427 0.0309121210302667 0.00418220739082705;0.00298176552135539 0.00411151991022406 0.00405436107215033 0.00453472692129611 0.00337479536813003 0.00273688111339953 0.00418220739082705 0.0289928297074691]intento: 6 tiempo: 0.018 [0.0316448989141071 0.00468896915887951 0.00358268433977015 0.00319915178974898 0.00368529853757906 0.00379926792412395 0.00217616999431967 0.00451097707728614;0.00468896915887951 0.0339931860085793 0.00410926989392945 0.00493921532636278 0.00533044063626453 0.00478367928406017 0.00302558149782051 0.00658503586387201;0.00358268433977015 0.00410926989392945 0.0345424475906037 0.0029566050585048 0.00615978821659885 0.00462519041889781 0.00375680313814131 0.00527282937580302;0.00319915178974898 0.00493921532636278 0.0029566050585048 0.0331560934882866 0.00452420946522199 0.00311960139719197 0.00213696839772217 0.00578500026429093;0.00368529853757906 0.00533044063626453 0.00615978821659885 0.00452420946522199 0.0356383278879902 0.00524296200834791 0.00492322582425375 0.00570119850519213;0.00379926792412395 0.00478367928406017 0.00462519041889781 0.00311960139719197 0.00524296200834791 0.032247617196373 0.00324758082287976 0.00568024069075928;0.00217616999431967 0.00302558149782051 0.00375680313814131 0.00213696839772217 0.00492322582425375 0.00324758082287976 0.0317003925942273 0.00272684412928679;0.00451097707728614 0.00658503586387201 0.00527282937580302 0.00578500026429093 0.00570119850519213 0.00568024069075928 0.00272684412928679 0.0334258891070228]intento: 8 tiempo: 0.02 [0.026265364048799 0.00357191736094189 0.00334272397996722 0.00337969498345572 0.00405651349333183 0.00345740517505842 0.00354781145146473 0.00380461544927655;0.00357191736094189 0.0248786745534891 0.00243124214693792 0.00320658530305524 0.00276259595813804 0.00305215706514423 0.00270635910754641 0.00283158509588539;0.00334272397996722 0.00243124214693792 0.0249201525394766 0.00290145519968728 0.00300067550695511 0.00278403671672628 0.00275458700208423 0.00281084615046598;0.00337969498345572 0.00320658530305524 0.00290145519968728 0.0257763241148354 0.00344395309377135 0.00257997196066567 0.00269534066302167 0.00295777066831533;0.00405651349333183 0.00276259595813804 0.00300067550695511 0.00344395309377135 0.0253765744550708 0.00366679530742581 0.00294994597895944 0.00281462365493999;0.00345740517505842 0.00305215706514423 0.00278403671672628 0.00257997196066567 0.00366679530742581 0.0262537417409288 0.00370940294419866 0.00299265498402678;0.00354781145146473 0.00270635910754641 0.00275458700208423 0.00269534066302167 0.00294994597895944 0.00370940294419866 0.0254528560789987 0.00313810177620512;0.00380461544927655 0.00283158509588539 0.00281084615046598 0.00295777066831533 0.00281462365493999 0.00299265498402678 0.00313810177620512 0.0261393031587019]intento: 10 tiempo: 0.019 [0.03060598215588 0.00427144076733662 0.00382855268091564 0.00535664308080234 0.00421608510987141 0.00477294065025029 0.00465280314673479 0.0032830594607735;0.00427144076733662 0.0297910556908965 0.00305444892577213 0.00434068835692948 0.00345299047703225 0.0031452123769744 0.00275379751602663 0.00383860185328344;0.00382855268091564 0.00305444892577213 0.0301869201408495 0.00322187666161264 0.00320488086530465 0.00285356155952806 0.004005044477793 0.00323376330356716;0.00535664308080234 0.00434068835692948 0.00322187666161264 0.0306949871007041 0.00510376420946127 0.00407106439521727 0.0048332583816996 0.0030355407054085;0.00421608510987141 0.00345299047703225 0.00320488086530465 0.00510376420946127 0.0291216522324982 0.00297235887137373 0.00427192687169971 0.00308514163139729;0.00477294065025029 0.0031452123769744 0.00285356155952806 0.00407106439521727 0.00297235887137373 0.0277539538552861 0.00322543077656842 0.0031722681721892;0.00465280314673479 0.00275379751602663 0.004005044477793 0.0048332583816996 0.00427192687169971 0.00322543077656842 0.0300254631637642 0.00349938950868734;0.0032830594607735 0.00383860185328344 0.00323376330356716 0.0030355407054085 0.00308514163139729 0.0031722681721892 0.00349938950868734 0.0274843031220772]intento: 12 tiempo: 0.018 [0.0279658818682258 0.00403750295190775 0.00300258982503805 0.00331084455632646 0.00374254900393216 0.00333719716247669 0.00306127538635286 0.00314484234540652;0.00403750295190775 0.0295895538734314 0.00371858372469735 0.0044464198545936 0.00445610651676191 0.0038318776481608 0.00402243243338601 0.0046373189866553;0.00300258982503805 0.00371858372469735 0.0300664312000583 0.00376131327647854 0.00339559022236634 0.00374959586260149 0.00418265593272332 0.0036742739218165;0.00331084455632646 0.0044464198545936 0.00376131327647854 0.0308159204567001 0.00408136284967724 0.00429760902901767 0.00432947178030783 0.00402471751423038;0.00374254900393216 0.00445610651676191 0.00339559022236634 0.00408136284967724 0.0290036286873291 0.00328369998982071 0.00365172061295794 0.00338179769299569;0.00333719716247669 0.0038318776481608 0.00374959586260149 0.00429760902901767 0.00328369998982071 0.0295998395827643 0.00395570303158386 0.00348029947163868;0.00306127538635286 0.00402243243338601 0.00418265593272332 0.00432947178030783 0.00365172061295794 0.00395570303158386 0.0280624313778434 0.0047851257858886;0.00314484234540652 0.0046373189866553 0.0036742739218165 0.00402471751423038 0.00338179769299569 0.00348029947163868 0.0047851257858886 0.0303358025609095]intento: 14 tiempo: 0.018 [0.0296049802204899 0.00375742248169992 0.00412223113247954 0.00373784635996091 0.00326157385575292 0.00397868152324536 0.00369457445885947 0.004454549044468;0.00375742248169992 0.0300539137433994 0.00377716159577326 0.00503395076012118 0.00357307193074166 0.00511470516984416 0.00330511888824271 0.00510714197766641;0.00412223113247954 0.00377716159577326 0.0305570764343005 0.00376265342271307 0.00409165523086249 0.00449441305764041 0.00301231450876368 0.00461518654750725;0.00373784635996091 0.00503395076012118 0.00376265342271307 0.0320023453712658 0.00369445436049675 0.00422119736606859 0.0035923753152876 0.00546625223881983;0.00326157385575292 0.00357307193074166 0.00409165523086249 0.00369445436049675 0.0295827714272226 0.00329237599776572 0.00317470707600694 0.00459188075023382;0.00397868152324536 0.00511470516984416 0.00449441305764041 0.00422119736606859 0.00329237599776572 0.031451522540018 0.00356366172141195 0.00523498919877554;0.00369457445885947 0.00330511888824271 0.00301231450876368 0.0035923753152876 0.00317470707600694 0.00356366172141195 0.0298212121372424 0.0047756023561286;0.004454549044468 0.00510714197766641 0.00461518654750725 0.00546625223881983 0.00459188075023382 0.00523498919877554 0.0047756023561286 0.0304855679467315]intento: 16 tiempo: 0.018 [0.0305022428143731 0.00515570263279817 0.00401210248933602 0.00440813281968664 0.00358911400041945 0.00482828602984155 0.00395534842540176 0.005161807121567;0.00515570263279817 0.0307695196908903 0.00420159730199892 0.00422951084861018 0.00339816115790407 0.00409651932345639 0.00446835442762705 0.004013491891388;0.00401210248933602 0.00420159730199892 0.0294560583961386 0.0039262460730465 0.00395516136245453 0.00338371727445678 0.00449214940354894 0.00299529379533359;0.00440813281968664 0.00422951084861018 0.0039262460730465 0.0287700604317433 0.00407360888453652 0.00406977120775004 0.00363863123883088 0.00381790650154389;0.00358911400041945 0.00339816115790407 0.00395516136245453 0.00407360888453652 0.0297889757661037 0.00405931241787511 0.00440531334079407 0.0031719760533397;0.00482828602984155 0.00409651932345639 0.00338371727445678 0.00406977120775004 0.00405931241787511 0.0321731714466301 0.00415872064181204 0.00337051007280382;0.00395534842540176 0.00446835442762705 0.00449214940354894 0.00363863123883088 0.00440531334079407 0.00415872064181204 0.0306257003028311 0.0031915253201305;0.005161807121567 0.004013491891388 0.00299529379533359 0.00381790650154389 0.0031719760533397 0.00337051007280382 0.0031915253201305 0.030777098190638]intento: 18 tiempo: 0.018 [0.0310253515508797 0.00380748822617029 0.00348841229123166 0.00294022026779267 0.00553154905523056 0.00418031970866376 0.00459677210500704 0.00518972231104697;0.00380748822617029 0.0307207653819397 0.00301694565367314 0.00378738200482931 0.00462780409262337 0.00253960066066252 0.0027748688792177 0.00306946964898813;0.00348841229123166 0.00301694565367314 0.0291272227005468 0.00406037116019543 0.0036078266970376 0.00368495260135187 0.00423228625971672 0.00327311121663131;0.00294022026779267 0.00378738200482931 0.00406037116019543 0.0311394281135492 0.0032113239268599 0.00349314640077072 0.00509183691942315 0.00334134390420603;0.00553154905523056 0.00462780409262337 0.0036078266970376 0.0032113239268599 0.0307500155849797 0.00556977140444219 0.0043771706098372 0.00412793398491427;0.00418031970866376 0.00253960066066252 0.00368495260135187 0.00349314640077072 0.00556977140444219 0.030646163201807 0.00554516798859469 0.00430221694977203;0.00459677210500704 0.0027748688792177 0.00423228625971672 0.00509183691942315 0.0043771706098372 0.00554516798859469 0.0325168768122474 0.00300401795267077;0.00518972231104697 0.00306946964898813 0.00327311121663131 0.00334134390420603 0.00412793398491427 0.00430221694977203 0.00300401795267077 0.0289817498518907]intento: 20 tiempo: 0.021 [0.0278893087964686 0.00280548479258863 0.00340018246543715 0.00401548784235573 0.00380217890276153 0.00288554123611503 0.0030241369390487 0.00329762253937364;0.00280548479258863 0.0270874108343228 0.00302059460333799 0.00360298376364075 0.00359646666612276 0.00351311550652947 0.00348855157586538 0.00410848310069674;0.00340018246543715 0.00302059460333799 0.0269400392323662 0.00384060219818683 0.00352813573716636 0.00374623167998133 0.0033334330451634 0.00338898253074988;0.00401548784235573 0.00360298376364075 0.00384060219818683 0.0282561200532548 0.0031733196372861 0.00380928033169193 0.00312220459519206 0.00336886286864974;0.00380217890276153 0.00359646666612276 0.00352813573716636 0.0031733196372861 0.0274545711133071 0.00384311017539199 0.00444078872489701 0.00369370063512179;0.00288554123611503 0.00351311550652947 0.00374623167998133 0.00380928033169193 0.00384311017539199 0.0282989955399005 0.00359075216934231 0.00411213485573829;0.0030241369390487 0.00348855157586538 0.0033334330451634 0.00312220459519206 0.00444078872489701 0.00359075216934231 0.0276059432281233 0.00398286369528544;0.00329762253937364 0.00410848310069674 0.00338898253074988 0.00336886286864974 0.00369370063512179 0.00411213485573829 0.00398286369528544 0.0280721349625374]intento: 22 tiempo: 0.018 [0.0329935267212945 0.00419118400260925 0.00311329341654773 0.00429109160112838 0.00533159818521171 0.00396404001927003 0.0051229938104173 0.00381031330053335;0.00419118400260925 0.0313431666667985 0.00424011889951809 0.00341508010119171 0.00437444710333683 0.00401594347084377 0.00552284446981065 0.00422123188720169;0.00311329341654773 0.00424011889951809 0.032074757005706 0.00388476341588342 0.00391711477211854 0.00411597763424495 0.00536956954188266 0.00386425329492629;0.00429109160112838 0.00341508010119171 0.00388476341588342 0.0321810332079568 0.00318953098346911 0.00438624687036692 0.00457311963402818 0.00530469850541725;0.00533159818521171 0.00437444710333683 0.00391711477211854 0.00318953098346911 0.0320367481128989 0.00536955447499781 0.00575474227578638 0.00353997732079669;0.00396404001927003 0.00401594347084377 0.00411597763424495 0.00438624687036692 0.00536955447499781 0.0310857513886735 0.00524773516542544 0.00405772559787149;0.0051229938104173 0.00552284446981065 0.00536956954188266 0.00457311963402818 0.00575474227578638 0.00524773516542544 0.0348418160220218 0.00458482401412651;0.00381031330053335 0.00422123188720169 0.00386425329492629 0.00530469850541725 0.00353997732079669 0.00405772559787149 0.00458482401412651 0.0307594649415]intento: 24 tiempo: 0.019 [0.0279803206996117 0.00307775915474154 0.00377689761704041 0.00290839986919787 0.0039905481189224 0.00221079195555929 0.00290071916860731 0.00309217538290617;0.00307775915474154 0.0311795584866988 0.00453141038080937 0.00320870797164501 0.00563181839642763 0.00366506150795955 0.00457212604315694 0.0055372467370749;0.00377689761704041 0.00453141038080937 0.0303804820016014 0.00468519639065281 0.00475099964920755 0.00298699944629289 0.00294291581850567 0.0042449025477257;0.00290839986919787 0.00320870797164501 0.00468519639065281 0.0295590922003188 0.00555124942762798 0.00352070830673791 0.00389395981367223 0.00400413554453323;0.0039905481189224 0.00563181839642763 0.00475099964920755 0.00555124942762798 0.0306089505755835 0.00346707696542923 0.0043920906726158 0.00435889523212924;0.00221079195555929 0.00366506150795955 0.00298699944629289 0.00352070830673791 0.00346707696542923 0.028364166013576 0.00256556625067518 0.00392036126288318;0.00290071916860731 0.00457212604315694 0.00294291581850567 0.00389395981367223 0.0043920906726158 0.00256556625067518 0.0294549316944078 0.00439082600128972;0.00309217538290617 0.0055372467370749 0.0042449025477257 0.00400413554453323 0.00435889523212924 0.00392036126288318 0.00439082600128972 0.0296429356398758]intento: 26 tiempo: 0.019 [0.0336891304657111 0.00324489503752263 0.00360167712152026 0.00380690184176636 0.00524611422531853 0.00369998780564755 0.00510698399854846 0.00415423737675697;0.00324489503752263 0.0322001108630542 0.00450684799875253 0.00349574236625076 0.00435306582472158 0.00372857523413866 0.00389968587101877 0.00492195446219497;0.00360167712152026 0.00450684799875253 0.0315611844935889 0.0040537580333484 0.00354733381812328 0.00380163040871343 0.00275287094249291 0.00331892834157845;0.00380690184176636 0.00349574236625076 0.0040537580333484 0.0334091167950233 0.00554299146984055 0.00451218789540482 0.00449290942517256 0.00416423092328675;0.00524611422531853 0.00435306582472158 0.00354733381812328 0.00554299146984055 0.0358013273734474 0.00446808534641575 0.00569303728998423 0.00626439981710974;0.00369998780564755 0.00372857523413866 0.00380163040871343 0.00451218789540482 0.00446808534641575 0.0321308073722542 0.0036068990328279 0.00332938682670405;0.00510698399854846 0.00389968587101877 0.00275287094249291 0.00449290942517256 0.00569303728998423 0.0036068990328279 0.0325066866175065 0.00556416521836187;0.00415423737675697 0.00492195446219497 0.00331892834157845 0.00416423092328675 0.00626439981710974 0.00332938682670405 0.00556416521836187 0.033615072700646]intento: 28 tiempo: 0.019 [0.0347841322360867 0.00752224554394811 0.00379624832808567 0.00519654052712695 0.0051439223316885 0.00508696635959628 0.00570995167424355 0.00590101574386617;0.00752224554394811 0.0389490787606039 0.00387835237960533 0.0062685376536363 0.00626133029179302 0.00405863522278909 0.00639180418192033 0.00877948055860342;0.00379624832808567 0.00387835237960533 0.0324208256262923 0.0049517252296335 0.00376233661351392 0.00356881460885752 0.0029006116550386 0.00361940989132396;0.00519654052712695 0.0062685376536363 0.0049517252296335 0.0361901740148557 0.00649043376159751 0.00445994428296803 0.00673092946202286 0.00476511444849997;0.0051439223316885 0.00626133029179302 0.00376233661351392 0.00649043376159751 0.034570647894785 0.0035319569620382 0.0060969312518239 0.00525186686321633;0.00508696635959628 0.00405863522278909 0.00356881460885752 0.00445994428296803 0.0035319569620382 0.0331653396416694 0.00403028247831522 0.0049435600894661;0.00570995167424355 0.00639180418192033 0.0029006116550386 0.00673092946202286 0.0060969312518239 0.00403028247831522 0.0365052225615643 0.00476817539545863;0.00590101574386617 0.00877948055860342 0.00361940989132396 0.00476511444849997 0.00525186686321633 0.0049435600894661 0.00476817539545863 0.0371817545077888]intento: 30 tiempo: 0.02 [0.0296218844073573 0.00441228277791637 0.00403312658894678 0.00504710700500586 0.00320859012960321 0.00461402810644591 0.00336826863365186 0.00480944011558479;0.00441228277791637 0.029416209138717 0.00231250089229053 0.0045203637511226 0.00325126652435189 0.00384793485221502 0.00380544487454754 0.00390950305392998;0.00403312658894678 0.00231250089229053 0.0284606560882723 0.00330786073862434 0.00277349048247276 0.00279488226137791 0.00217166540373896 0.00333792798020321;0.00504710700500586 0.0045203637511226 0.00330786073862434 0.0300768442826701 0.00422803905167106 0.00381096808988317 0.00432881150688918 0.00491450812103471;0.00320859012960321 0.00325126652435189 0.00277349048247276 0.00422803905167106 0.028976262511874 0.00404447560323019 0.00267493688736274 0.00386162221637312;0.00461402810644591 0.00384793485221502 0.00279488226137791 0.00381096808988317 0.00404447560323019 0.0300794740588583 0.00340406987147494 0.00388949159568037;0.00336826863365186 0.00380544487454754 0.00217166540373896 0.00432881150688918 0.00267493688736274 0.00340406987147494 0.0280089321807251 0.00329209508893617;0.00480944011558479 0.00390950305392998 0.00333792798020321 0.00491450812103471 0.00386162221637312 0.00388949159568037 0.00329209508893617 0.0299507489141164]intento: 32 tiempo: 0.018 [0.0289083349778801 0.00398966449669387 0.00314165842620288 0.00417461350290842 0.00383174153488425 0.00424388179433406 0.00287856709142705 0.0038112912396775;0.00398966449669387 0.0308754197504414 0.00451216669894135 0.00355136399874595 0.00353134740878338 0.00402834162243118 0.00353912625512801 0.00423659211479407;0.00314165842620288 0.00451216669894135 0.0282792583948716 0.00328251964621196 0.00434433752999041 0.00382265520051051 0.00269249037630763 0.00369244555528214;0.00417461350290842 0.00355136399874595 0.00328251964621196 0.0280230047849734 0.00358495025436214 0.00403007980715471 0.00383994021428215 0.00393857295063711;0.00383174153488425 0.00353134740878338 0.00434433752999041 0.00358495025436214 0.0292123035993258 0.00443697362367121 0.00275522489106087 0.00476742174017076;0.00424388179433406 0.00402834162243118 0.00382265520051051 0.00403007980715471 0.00443697362367121 0.0301762890792555 0.00423002739414805 0.00402753282565765;0.00287856709142705 0.00353912625512801 0.00269249037630763 0.00383994021428215 0.00275522489106087 0.00423002739414805 0.0270788383788619 0.00324750655792951;0.0038112912396775 0.00423659211479407 0.00369244555528214 0.00393857295063711 0.00476742174017076 0.00402753282565765 0.00324750655792951 0.0282066750026836]intento: 34 tiempo: 0.019 [0.0275772979830519 0.00356913339440446 0.00297773977241395 0.00370881385671684 0.00409228986440911 0.00277720666983739 0.0023916483240077 0.00316013599655534;0.00356913339440446 0.026322567603021 0.0029113900357928 0.00332055730086805 0.00433144705937239 0.00375522516297146 0.00362028310149798 0.00409038328214153;0.00297773977241395 0.0029113900357928 0.026483719501871 0.00344255132872775 0.00366933406428461 0.00222351727464698 0.00273974511628968 0.00305257745068432;0.00370881385671684 0.00332055730086805 0.00344255132872775 0.0272666214850246 0.00455408835754607 0.00424676383801349 0.00292006608538611 0.00411489085809813;0.00409228986440911 0.00433144705937239 0.00366933406428461 0.00455408835754607 0.0271218970152079 0.0036414235707842 0.00374665760737323 0.00437939169025876;0.00277720666983739 0.00375522516297146 0.00222351727464698 0.00424676383801349 0.0036414235707842 0.0264750255187852 0.00245687430953302 0.00359011697728576;0.0023916483240077 0.00362028310149798 0.00273974511628968 0.00292006608538611 0.00374665760737323 0.00245687430953302 0.0254526342556071 0.00393400738945303;0.00316013599655534 0.00409038328214153 0.00305257745068432 0.00411489085809813 0.00437939169025876 0.00359011697728576 0.00393400738945303 0.0284229377434415]intento: 36 tiempo: 0.02 [0.0249610389518922 0.00294950119692432 0.00333516067596727 0.00302780348895904 0.00347760223483138 0.00311558224496147 0.00281890210476013 0.00370737840506281;0.00294950119692432 0.0251073130363932 0.00256990349276141 0.00328973638849409 0.00363275341560943 0.00322095318611291 0.00283348442920761 0.00295656452311695;0.00333516067596727 0.00256990349276141 0.0246303367039707 0.00256504400225854 0.00350853942117376 0.00262454507126524 0.00244273362684156 0.00278520681626407;0.00302780348895904 0.00328973638849409 0.00256504400225854 0.0246334023637724 0.00349075189723762 0.00369765983617775 0.00249577717560799 0.00316203248623699;0.00347760223483138 0.00363275341560943 0.00350853942117376 0.00349075189723762 0.0263332453314033 0.00429937927510778 0.00359947915842111 0.00387685333633311;0.00311558224496147 0.00322095318611291 0.00262454507126524 0.00369765983617775 0.00429937927510778 0.0257945834873533 0.00326008033359107 0.00381251245592446;0.00281890210476013 0.00283348442920761 0.00244273362684156 0.00249577717560799 0.00359947915842111 0.00326008033359107 0.0249229816809367 0.00245712792313859;0.00370737840506281 0.00295656452311695 0.00278520681626407 0.00316203248623699 0.00387685333633311 0.00381251245592446 0.00245712792313859 0.0259924184109421]intento: 38 tiempo: 0.019 [0.0270183225648953 0.00333324919326723 0.00311263693994689 0.00361755656032258 0.00398592646792579 0.00353508733376883 0.00262449361203166 0.00331872098579509;0.00333324919326723 0.0265922523284268 0.00339953007514206 0.00368133233188662 0.00330013241946295 0.00394770009669879 0.00337018856298353 0.00334775480782434;0.00311263693994689 0.00339953007514206 0.0266027354840041 0.00319471830736088 0.00395442342533711 0.00254166658160005 0.0033049818390885 0.00251976662307296;0.00361755656032258 0.00368133233188662 0.00319471830736088 0.02767306021376 0.00400277154692135 0.00344489393619331 0.0038154579916033 0.00393768756994541;0.00398592646792579 0.00330013241946295 0.00395442342533711 0.00400277154692135 0.0260596603937334 0.00338268186241658 0.00303591271391188 0.00370447981585848;0.00353508733376883 0.00394770009669879 0.00254166658160005 0.00344489393619331 0.00338268186241658 0.0272670793976158 0.00339125283022553 0.00265413550032075;0.00262449361203166 0.00337018856298353 0.0033049818390885 0.0038154579916033 0.00303591271391188 0.00339125283022553 0.0268902363579793 0.00267876024371669;0.00331872098579509 0.00334775480782434 0.00251976662307296 0.00393768756994541 0.00370447981585848 0.00265413550032075 0.00267876024371669 0.0256269725738488]intento: 40 tiempo: 0.018 [0.0309530195325979 0.00355741623573032 0.00474839029201394 0.00491674571856952 0.00395213074120975 0.00522853503934313 0.00271281307721023 0.00339819925367934;0.00355741623573032 0.03196384332079 0.00495095467475249 0.00550673056122171 0.0043527843157967 0.0050138677798436 0.00367916581801045 0.00394253545019071;0.00474839029201394 0.00495095467475249 0.0313253179486414 0.00338009759164752 0.00418746282593297 0.00568413628682722 0.00386732848501793 0.00360485940102285;0.00491674571856952 0.00550673056122171 0.00338009759164752 0.0302331712689664 0.00418484457035679 0.00427450590408551 0.00358408889052579 0.00406164690588965;0.00395213074120975 0.0043527843157967 0.00418746282593297 0.00418484457035679 0.030908337962686 0.00598624564332253 0.00379788510114393 0.00454222878945649;0.00522853503934313 0.0050138677798436 0.00568413628682722 0.00427450590408551 0.00598624564332253 0.0321749678862771 0.00369679597147557 0.00385713464485587;0.00271281307721023 0.00367916581801045 0.00386732848501793 0.00358408889052579 0.00379788510114393 0.00369679597147557 0.0299949963554512 0.00358394762058426;0.00339819925367934 0.00394253545019071 0.00360485940102285 0.00406164690588965 0.00454222878945649 0.00385713464485587 0.00358394762058426 0.0313149335402537]intento: 42 tiempo: 0.019 [0.0269370109472944 0.00435337721831309 0.00369103166851336 0.00325176336677146 0.003520607851245 0.00379441319393487 0.00234628188626733 0.00427461709953383;0.00435337721831309 0.0283876931761446 0.00434113573322198 0.00322513343627195 0.00435481676452572 0.00471684744465932 0.00328923313189876 0.00412683291959205;0.00369103166851336 0.00434113573322198 0.0271029867582472 0.00387190018352054 0.00341174031513133 0.00420242894191718 0.00269986661974581 0.00337289089735397;0.00325176336677146 0.00322513343627195 0.00387190018352054 0.0277940839368673 0.0041533948279935 0.00359487677662754 0.00197105699355437 0.00427013593114204;0.003520607851245 0.00435481676452572 0.00341174031513133 0.0041533948279935 0.0280931690080119 0.00380651883735884 0.0030091703930528 0.00331593142369297;0.00379441319393487 0.00471684744465932 0.00420242894191718 0.00359487677662754 0.00380651883735884 0.0273935948566295 0.00259069711582883 0.0037760898577306;0.00234628188626733 0.00328923313189876 0.00269986661974581 0.00197105699355437 0.0030091703930528 0.00259069711582883 0.025983959292946 0.00266932562652913;0.00427461709953383 0.00412683291959205 0.00337289089735397 0.00427013593114204 0.00331593142369297 0.0037760898577306 0.00266932562652913 0.028933236239663]intento: 44 tiempo: 0.019 [0.0314173406422321 0.00475349126263465 0.004638574397074 0.00449932666071781 0.00367637276398144 0.00375312747966377 0.00300341542301922 0.00473400984780177;0.00475349126263465 0.0321516443620073 0.00473049907384063 0.00351864371184096 0.00409862528391482 0.00354459461499126 0.00340423138443485 0.00391149164272246;0.004638574397074 0.00473049907384063 0.0302046775454438 0.00519677127847052 0.00418763903247812 0.0046091053906496 0.00323633591221928 0.00401655656156256;0.00449932666071781 0.00351864371184096 0.00519677127847052 0.0306669624974185 0.00338297789650593 0.00516184356377386 0.00337424451165339 0.00370522963111374;0.00367637276398144 0.00409862528391482 0.00418763903247812 0.00338297789650593 0.0299544241765786 0.00354467478275517 0.00303752445058628 0.00426552266745492;0.00375312747966377 0.00354459461499126 0.0046091053906496 0.00516184356377386 0.00354467478275517 0.0325948958793173 0.00402092647683986 0.00456598268081042;0.00300341542301922 0.00340423138443485 0.00323633591221928 0.00337424451165339 0.00303752445058628 0.00402092647683986 0.0296051183756308 0.00311866928906005;0.00473400984780177 0.00391149164272246 0.00401655656156256 0.00370522963111374 0.00426552266745492 0.00456598268081042 0.00311866928906005 0.0297626142470239]intento: 46 tiempo: 0.021 [0.0319916404437868 0.00412555897084482 0.00423959004299342 0.00237156594975535 0.0034023821773385 0.00470641399306136 0.00399325390475639 0.00408543243159123;0.00412555897084482 0.031297462879504 0.00460824436151161 0.00356977380638683 0.00314296052134014 0.0047441197903737 0.00512250704134208 0.00412763290845139;0.00423959004299342 0.00460824436151161 0.0304105793412741 0.00317141991502028 0.00334104862810156 0.00481245187598976 0.00412859773902477 0.00425200613011294;0.00237156594975535 0.00356977380638683 0.00317141991502028 0.0303197897547624 0.00371013842911403 0.00311484757531153 0.00394493178719569 0.00300098363184497;0.0034023821773385 0.00314296052134014 0.00334104862810156 0.00371013842911403 0.0296558855906882 0.00372728474457144 0.00395485404819265 0.00457456230440088;0.00470641399306136 0.0047441197903737 0.00481245187598976 0.00311484757531153 0.00372728474457144 0.0299361952120691 0.00455294343300611 0.00388025633659434;0.00399325390475639 0.00512250704134208 0.00412859773902477 0.00394493178719569 0.00395485404819265 0.00455294343300611 0.0311458040757571 0.0040120051463521;0.00408543243159123 0.00412763290845139 0.00425200613011294 0.00300098363184497 0.00457456230440088 0.00388025633659434 0.0040120051463521 0.0309976786541931]intento: 48 tiempo: 0.021 [0.0280419202391024 0.00275481130975401 0.00287627164430326 0.00377790708762464 0.00309394445078989 0.00393229123578837 0.00331769653846745 0.00366412221156688;0.00275481130975401 0.0283257588164098 0.00343143838547621 0.0042720202204723 0.00330623926077324 0.00377715866255381 0.00379874008253926 0.00340492489961668;0.00287627164430326 0.00343143838547621 0.0273669149439788 0.00348145431327027 0.00439828434115902 0.00374987323572453 0.0031533448273752 0.00307134061884827;0.00377790708762464 0.0042720202204723 0.00348145431327027 0.029155264836551 0.00436201285076303 0.00480989273665844 0.0041318751169115 0.00291848030619455;0.00309394445078989 0.00330623926077324 0.00439828434115902 0.00436201285076303 0.0279180243227686 0.00486576702461706 0.0036692791759773 0.00260931057348392;0.00393229123578837 0.00377715866255381 0.00374987323572453 0.00480989273665844 0.00486576702461706 0.0302841452775583 0.00476290579231527 0.00350645066357091;0.00331769653846745 0.00379874008253926 0.0031533448273752 0.0041318751169115 0.0036692791759773 0.00476290579231527 0.0278263728322514 0.00402206384602656;0.00366412221156688 0.00340492489961668 0.00307134061884827 0.00291848030619455 0.00260931057348392 0.00350645066357091 0.00402206384602656 0.0280701138665768]intento: 50 tiempo: 0.02 [0.0284625960658578 0.00359242475501679 0.0033590545506198 0.00455689990475572 0.00318836219670442 0.00359458205767033 0.00371558796254446 0.00471618769887415;0.00359242475501679 0.030145016421401 0.00334155346143049 0.00385087794091743 0.0019131268542385 0.00426820477028163 0.00559103680189066 0.00376239607241059;0.0033590545506198 0.00334155346143049 0.0278576482888953 0.00269742600679968 0.00215927304567314 0.00403101812443965 0.00374092898586857 0.00309787722041438;0.00455689990475572 0.00385087794091743 0.00269742600679968 0.0312005212857541 0.00325651154811265 0.00455806740173426 0.00465667730841058 0.00502173799418316;0.00318836219670442 0.0019131268542385 0.00215927304567314 0.00325651154811265 0.0287487073004576 0.00258176129982856 0.00258645970168088 0.00356510384294707;0.00359458205767033 0.00426820477028163 0.00403101812443965 0.00455806740173426 0.00258176129982856 0.0302598386462652 0.00478782036319314 0.00393042526758199;0.00371558796254446 0.00559103680189066 0.00374092898586857 0.00465667730841058 0.00258645970168088 0.00478782036319314 0.0308084952410536 0.00400693470569855;0.00471618769887415 0.00376239607241059 0.00309787722041438 0.00502173799418316 0.00356510384294707 0.00393042526758199 0.00400693470569855 0.0304805681487741]intento: 52 tiempo: 0.018 [0.0298834828527214 0.00453013694878476 0.00364392540870504 0.00363423662095297 0.00326606912458812 0.004585782661375 0.00460812724527337 0.00387358872558881;0.00453013694878476 0.0298754094559653 0.00378353108931624 0.00358093988837066 0.00343930507917546 0.00358615907624712 0.00453556464837021 0.00385850350718289;0.00364392540870504 0.00378353108931624 0.0282890049511474 0.0033761968345967 0.00351634084799434 0.00336645407317819 0.00368415764133878 0.00303387153932628;0.00363423662095297 0.00358093988837066 0.0033761968345967 0.0294931833641865 0.00321938378725583 0.00414496593150993 0.00528041178005865 0.00335573981155961;0.00326606912458812 0.00343930507917546 0.00351634084799434 0.00321938378725583 0.0294126807117524 0.00300300186724888 0.00318696271661289 0.00315330138115886;0.004585782661375 0.00358615907624712 0.00336645407317819 0.00414496593150993 0.00300300186724888 0.0293511114556178 0.00377734815214606 0.00440094670825635;0.00460812724527337 0.00453556464837021 0.00368415764133878 0.00528041178005865 0.00318696271661289 0.00377734815214606 0.0285586281471489 0.00337522482282236;0.00387358872558881 0.00385850350718289 0.00303387153932628 0.00335573981155961 0.00315330138115886 0.00440094670825635 0.00337522482282236 0.0290195945410135]intento: 54 tiempo: 0.02 [0.0316007506579164 0.00279759971776694 0.00555169122729229 0.00504975777702059 0.00419782640837659 0.00432091505421129 0.00469053641596301 0.00499182862143944;0.00279759971776694 0.0292417764568281 0.00324931895564645 0.00401810035609391 0.00387827368680362 0.00339210463542006 0.00368483377962443 0.0028291614587098;0.00555169122729229 0.00324931895564645 0.0326262662199083 0.00483061093459677 0.00405146781437681 0.00480996422417562 0.005175465342714 0.00405914941482514;0.00504975777702059 0.00401810035609391 0.00483061093459677 0.032373311202142 0.00252143772687356 0.00397490683809209 0.00343701381203502 0.00417690236034596;0.00419782640837659 0.00387827368680362 0.00405146781437681 0.00252143772687356 0.0312905746224329 0.00363360160360115 0.00511948966337058 0.0032891035899382;0.00432091505421129 0.00339210463542006 0.00480996422417562 0.00397490683809209 0.00363360160360115 0.0318571913714058 0.00466889247837746 0.00312108801754279;0.00469053641596301 0.00368483377962443 0.005175465342714 0.00343701381203502 0.00511948966337058 0.00466889247837746 0.0312061220509658 0.00438917469509761;0.00499182862143944 0.0028291614587098 0.00405914941482514 0.00417690236034596 0.0032891035899382 0.00312108801754279 0.00438917469509761 0.0299807442709935]intento: 56 tiempo: 0.019 [0.032514279517568 0.00444883445095769 0.0043162686389896 0.00449599664287527 0.00534159700503911 0.00365570999255518 0.00400397982308036 0.00394208401326883;0.00444883445095769 0.0300563493723184 0.00436561805711481 0.00432804453226808 0.00391855904467978 0.0042199236015367 0.00301028469967764 0.00367528114952667;0.0043162686389896 0.00436561805711481 0.0302055184280854 0.00416896094676821 0.00431254496986867 0.00349499087782014 0.00258209208996713 0.00323248695880288;0.00449599664287527 0.00432804453226808 0.00416896094676821 0.0318575274616486 0.00469082483244008 0.00439186214219492 0.0035814798706711 0.00512790723817872;0.00534159700503911 0.00391855904467978 0.00431254496986867 0.00469082483244008 0.0325723188246529 0.00321569904968346 0.00408456981386414 0.0043756585205485;0.00365570999255518 0.0042199236015367 0.00349499087782014 0.00439186214219492 0.00321569904968346 0.0320879157549515 0.00427141364558473 0.00431076913193379;0.00400397982308036 0.00301028469967764 0.00258209208996713 0.0035814798706711 0.00408456981386414 0.00427141364558473 0.0299546837077578 0.00398505120485294;0.00394208401326883 0.00367528114952667 0.00323248695880288 0.00512790723817872 0.0043756585205485 0.00431076913193379 0.00398505120485294 0.0298568257629003]intento: 58 tiempo: 0.022 [0.0308034152878624 0.00472815760504419 0.0040246564716281 0.00475203268563983 0.00465925337090912 0.00373463067678064 0.00451511355025058 0.00370991580935983;0.00472815760504419 0.0320649935770508 0.00526783907629603 0.00364822890013097 0.00371027984118721 0.00479455184212988 0.00445890964457187 0.00490387316685165;0.0040246564716281 0.00526783907629603 0.0321137828697005 0.00529206704475742 0.00519907310140324 0.00506634660179904 0.00323381373214649 0.00407212715316572;0.00475203268563983 0.00364822890013097 0.00529206704475742 0.0332165803590704 0.00548916278780058 0.00414766070115141 0.00412949244691537 0.00433772615362977;0.00465925337090912 0.00371027984118721 0.00519907310140324 0.00548916278780058 0.0340383331760464 0.0040371080248646 0.00458437803213413 0.00346028376694083;0.00373463067678064 0.00479455184212988 0.00506634660179904 0.00414766070115141 0.0040371080248646 0.0307539483735912 0.00379228082530644 0.00403141129855773;0.00451511355025058 0.00445890964457187 0.00323381373214649 0.00412949244691537 0.00458437803213413 0.00379228082530644 0.0310288208688018 0.00330730879784833;0.00370991580935983 0.00490387316685165 0.00407212715316572 0.00433772615362977 0.00346028376694083 0.00403141129855773 0.00330730879784833 0.0315689525421656]intento: 60 tiempo: 0.019 [0.0264795379503607 0.00366958295910285 0.00372141686000951 0.00357082070384036 0.00325432757728354 0.00281802078538803 0.00296151658780537 0.00234000260209786;0.00366958295910285 0.0295783809689546 0.00423179763836606 0.00347511288218608 0.00493180773110461 0.00337577983940582 0.00376264081938646 0.00405990844280113;0.00372141686000951 0.00423179763836606 0.0277727506658877 0.0038514340789631 0.00378669865287184 0.00337397797239938 0.0038794622737184 0.00345161499699109;0.00357082070384036 0.00347511288218608 0.0038514340789631 0.0284328285149238 0.00391445266717404 0.00269923729297408 0.00307512751190645 0.00268588545504909;0.00325432757728354 0.00493180773110461 0.00378669865287184 0.00391445266717404 0.0291701254341774 0.00304618928334414 0.00373488945427226 0.00330924575828235;0.00281802078538803 0.00337577983940582 0.00337397797239938 0.00269923729297408 0.00304618928334414 0.0276172690439984 0.00407475420069332 0.00376897856885935;0.00296151658780537 0.00376264081938646 0.0038794622737184 0.00307512751190645 0.00373488945427226 0.00407475420069332 0.0271629519821452 0.00397643643941932;0.00234000260209786 0.00405990844280113 0.00345161499699109 0.00268588545504909 0.00330924575828235 0.00376897856885935 0.00397643643941932 0.027217184335663]intento: 62 tiempo: 0.019 [0.0297093086587606 0.00352109554652411 0.00309315784071776 0.00346562194939742 0.00273771958346117 0.00358034608164126 0.00334523607757995 0.00261841512707579;0.00352109554652411 0.031393713920871 0.00499504967276992 0.00510604007176653 0.00444543715519544 0.00348190839364729 0.00497861233090317 0.00472734963026679;0.00309315784071776 0.00499504967276992 0.0327223553242381 0.00430477156678767 0.0046002210157878 0.0049463137563002 0.00384539132017068 0.00462839947836892;0.00346562194939742 0.00510604007176653 0.00430477156678767 0.0299314671860933 0.00464529978465345 0.00306655848127197 0.00417962922922658 0.00322510726325276;0.00273771958346117 0.00444543715519544 0.0046002210157878 0.00464529978465345 0.031306153046628 0.00428441689616564 0.00370112242459972 0.0032564809171484;0.00358034608164126 0.00348190839364729 0.0049463137563002 0.00306655848127197 0.00428441689616564 0.0288449936496444 0.00343783610804165 0.00324441609807108;0.00334523607757995 0.00497861233090317 0.00384539132017068 0.00417962922922658 0.00370112242459972 0.00343783610804165 0.0307356646847746 0.00484798906171698;0.00261841512707579 0.00472734963026679 0.00462839947836892 0.00322510726325276 0.0032564