intento: 1 tiempo: 0.034 [0.0266556286919272 0.00376717871723597 0.00270783391066675 0.00377228832779289 0.00365444330864938 0.00311213462197107 0.00283407833892714 0.00228091762495152;0.00376717871723597 0.025604788514623 0.00261599166175985 0.0030812045423845 0.00231673988289724 0.00209841286145404 0.00232636688314261 0.0023295012887198;0.00270783391066675 0.00261599166175985 0.0269153593629772 0.00229087297934852 0.00276230616920287 0.00259440093826394 0.00229278098562818 0.00180807030257097;0.00377228832779289 0.0030812045423845 0.00229087297934852 0.0267855260212876 0.00280141788151635 0.0023280732734453 0.00279446435763841 0.00217971576107844;0.00365444330864938 0.00231673988289724 0.00276230616920287 0.00280141788151635 0.0268541787032156 0.0025330530176376 0.00391690965203414 0.0038552915979557;0.00311213462197107 0.00209841286145404 0.00259440093826394 0.0023280732734453 0.0025330530176376 0.025984558088398 0.0032477860749625 0.00234585836917042;0.00283407833892714 0.00232636688314261 0.00229278098562818 0.00279446435763841 0.00391690965203414 0.0032477860749625 0.0265145925779829 0.00283517180017535;0.00228091762495152 0.0023295012887198 0.00180807030257097 0.00217971576107844 0.0038552915979557 0.00234585836917042 0.00283517180017535 0.0265332154872429]intento: 2 tiempo: 0.018 [0.0265620223648158 0.00297759713254941 0.00304262003977064 0.00274742406810256 0.00282057886851238 0.00210766240055493 0.00328769477042352 0.00344667250199225;0.00297759713254941 0.0263412838781006 0.00191970206644188 0.00283958752615692 0.00245879048758093 0.0026237685727194 0.00354963807284613 0.00373126079221094;0.00304262003977064 0.00191970206644188 0.0252497469421865 0.00214233665486505 0.00303819853661707 0.00225688378351554 0.00326713918897916 0.00263760622862449;0.00274742406810256 0.00283958752615692 0.00214233665486505 0.0259067203925048 0.00263939030174523 0.00215251851275452 0.00265596797629854 0.00269135453433507;0.00282057886851238 0.00245879048758093 0.00303819853661707 0.00263939030174523 0.0266794249805426 0.00182290309910699 0.00413459118001377 0.00310126431248162;0.00210766240055493 0.0026237685727194 0.00225688378351554 0.00215251851275452 0.00182290309910699 0.0254043626101543 0.00282282357354236 0.00205169848694176;0.00328769477042352 0.00354963807284613 0.00326713918897916 0.00265596797629854 0.00413459118001377 0.00282282357354236 0.0275737890832224 0.00248097197611085;0.00344667250199225 0.00373126079221094 0.00263760622862449 0.00269135453433507 0.00310126431248162 0.00205169848694176 0.00248097197611085 0.0262427734256287]intento: 3 tiempo: 0.017 [0.0268737196079393 0.00320102385150485 0.00350038656189462 0.00299972796302686 0.00392668508545573 0.00352585946018624 0.00194913829528948 0.00363677314923778;0.00320102385150485 0.026758243417159 0.00249031352038 0.00218550935723402 0.00363307162641235 0.0024946031794229 0.00292586371675475 0.00367640782317759;0.00350038656189462 0.00249031352038 0.0270760818121157 0.00303407660716206 0.00347667104827293 0.003024413133584 0.00258292623740727 0.0041844022210442;0.00299972796302686 0.00218550935723402 0.00303407660716206 0.0261339838070573 0.00346492880024502 0.0033405827782643 0.00276923745072098 0.00279393190949022;0.00392668508545573 0.00363307162641235 0.00347667104827293 0.00346492880024502 0.0275000695201351 0.0038075422372114 0.00323591117675881 0.00370816915175995;0.00352585946018624 0.0024946031794229 0.003024413133584 0.0033405827782643 0.0038075422372114 0.026552640766453 0.00231339301490136 0.00290958186644169;0.00194913829528948 0.00292586371675475 0.00258292623740727 0.00276923745072098 0.00323591117675881 0.00231339301490136 0.0258252705734305 0.00326857455020391;0.00363677314923778 0.00367640782317759 0.0041844022210442 0.00279393190949022 0.00370816915175995 0.00290958186644169 0.00326857455020391 0.0263445407278435]intento: 4 tiempo: 0.017 [0.0260756632574786 0.0030377614232878 0.00344588289679799 0.00253422721097531 0.00279283401306167 0.00387560802861783 0.00355365723520719 0.00341160215871336;0.0030377614232878 0.0253564306597077 0.00208654914232738 0.00212225370317854 0.00305742027876492 0.00298722167877477 0.00274610125460013 0.00231353977221796;0.00344588289679799 0.00208654914232738 0.0277112604150866 0.00449430684023717 0.00392149062019345 0.00359805145354248 0.0032400917920457 0.00404744345149221;0.00253422721097531 0.00212225370317854 0.00449430684023717 0.0279282391438471 0.00287606791140021 0.0040110486209943 0.0033391980138348 0.0041662105537358;0.00279283401306167 0.00305742027876492 0.00392149062019345 0.00287606791140021 0.025943287856849 0.00245668301074478 0.00277783841048176 0.00303169148557208;0.00387560802861783 0.00298722167877477 0.00359805145354248 0.0040110486209943 0.00245668301074478 0.0271716662071585 0.0026556130581078 0.00400404556192799;0.00355365723520719 0.00274610125460013 0.0032400917920457 0.0033391980138348 0.00277783841048176 0.0026556130581078 0.0258281410478701 0.00354772349133383;0.00341160215871336 0.00231353977221796 0.00404744345149221 0.0041662105537358 0.00303169148557208 0.00400404556192799 0.00354772349133383 0.0267955674030388]intento: 5 tiempo: 0.018 [0.0275801975065057 0.00340891396537628 0.00298918495124515 0.00303209065326428 0.00261484485264365 0.00380025491715003 0.00345600210146273 0.00281031123304984;0.00340891396537628 0.0250591324787381 0.00286437560668966 0.00229150999806586 0.00319136582519847 0.00340076402340178 0.00271948753611517 0.00209731041537491;0.00298918495124515 0.00286437560668966 0.0263892338017195 0.00234681153176715 0.00361468908474057 0.00376928682533681 0.00293312659278456 0.00323697209621306;0.00303209065326428 0.00229150999806586 0.00234681153176715 0.0254246190014548 0.00258588138337439 0.00358576887473298 0.00319132092127431 0.00271665530276239;0.00261484485264365 0.00319136582519847 0.00361468908474057 0.00258588138337439 0.0267850746130138 0.00314339596632467 0.00271215281982298 0.00369175507429596;0.00380025491715003 0.00340076402340178 0.00376928682533681 0.00358576887473298 0.00314339596632467 0.0275609219850103 0.00331297402382872 0.00327697737570916;0.00345600210146273 0.00271948753611517 0.00293312659278456 0.00319132092127431 0.00271215281982298 0.00331297402382872 0.0270444295482401 0.00248044346397374;0.00281031123304984 0.00209731041537491 0.00323697209621306 0.00271665530276239 0.00369175507429596 0.00327697737570916 0.00248044346397374 0.0269069405214191]intento: 6 tiempo: 0.018 [0.0274129112728042 0.00304707526175465 0.0020814652063801 0.00342503068183493 0.00443144546727862 0.00422226048508565 0.00309777157362261 0.00379716234046616;0.00304707526175465 0.0274923916105999 0.00206107865956433 0.00401672418477137 0.00438388089802075 0.00386932020093201 0.0028714258684201 0.00268791592352675;0.0020814652063801 0.00206107865956433 0.0265045050979373 0.00226453480694746 0.0033198110704783 0.00317740444553816 0.00256161030230017 0.00227922878142581;0.00342503068183493 0.00401672418477137 0.00226453480694746 0.0269190866910649 0.0034191210720805 0.00319079798155956 0.0027122962788721 0.00253114869212329;0.00443144546727862 0.00438388089802075 0.0033198110704783 0.0034191210720805 0.0271608206268154 0.00291663696217215 0.00324564512322973 0.00286897470711376;0.00422226048508565 0.00386932020093201 0.00317740444553816 0.00319079798155956 0.00291663696217215 0.0275760439469502 0.00311380564150739 0.00369331560404514;0.00309777157362261 0.0028714258684201 0.00256161030230017 0.0027122962788721 0.00324564512322973 0.00311380564150739 0.0262048449231706 0.00279890376947052;0.00379716234046616 0.00268791592352675 0.00227922878142581 0.00253114869212329 0.00286897470711376 0.00369331560404514 0.00279890376947052 0.0251240807816855]intento: 7 tiempo: 0.017 [0.0254570286288576 0.00288436000901793 0.00269043072991396 0.00280840937701869 0.00265815045206475 0.00318229190440082 0.00284825719133458 0.00342687750029511;0.00288436000901793 0.0270001146844025 0.00275990011818742 0.00272633393456881 0.00378890306448373 0.00325258570779042 0.00322672813886433 0.00354831925951497;0.00269043072991396 0.00275990011818742 0.02642411766716 0.00369573850857209 0.00308550074459778 0.00377340181370037 0.00169714600687448 0.00312299830930847;0.00280840937701869 0.00272633393456881 0.00369573850857209 0.0266240645384332 0.00322781907663551 0.00284933170024596 0.00299291342723019 0.00318103323086241;0.00265815045206475 0.00378890306448373 0.00308550074459778 0.00322781907663551 0.0273916859774254 0.00319954335755145 0.00158821546910993 0.00321841391453155;0.00318229190440082 0.00325258570779042 0.00377340181370037 0.00284933170024596 0.00319954335755145 0.0266115527334032 0.00279312045948945 0.00372478545005864;0.00284825719133458 0.00322672813886433 0.00169714600687448 0.00299291342723019 0.00158821546910993 0.00279312045948945 0.0247909228726697 0.0031134174090731;0.00342687750029511 0.00354831925951497 0.00312299830930847 0.00318103323086241 0.00321841391453155 0.00372478545005864 0.0031134174090731 0.0261135353428926]intento: 8 tiempo: 0.018 [0.0251019435745127 0.00246380215565875 0.00269896036168052 0.0024537088630626 0.00268013850301913 0.0015477770986208 0.00227173218816215 0.00264395184194177;0.00246380215565875 0.0260668731633316 0.00273941842368477 0.00214365416057108 0.00243961119654105 0.00210693400521075 0.00248527461564279 0.00216703434378144;0.00269896036168052 0.00273941842368477 0.0255382548978719 0.00152070630175351 0.00186320074875162 0.00198791481411993 0.0024551281034967 0.00369526071282115;0.0024537088630626 0.00214365416057108 0.00152070630175351 0.0254019822462137 0.00192958244159983 0.00195129668895474 0.00204532705230751 0.00325548071611565;0.00268013850301913 0.00243961119654105 0.00186320074875162 0.00192958244159983 0.0254064312185893 0.00124079647395714 0.00133255572102219 0.00177285493585325;0.0015477770986208 0.00210693400521075 0.00198791481411993 0.00195129668895474 0.00124079647395714 0.0255687263548663 0.00142558525989617 0.00248679922415309;0.00227173218816215 0.00248527461564279 0.0024551281034967 0.00204532705230751 0.00133255572102219 0.00142558525989617 0.026591678355321 0.00280939924576595;0.00264395184194177 0.00216703434378144 0.00369526071282115 0.00325548071611565 0.00177285493585325 0.00248679922415309 0.00280939924576595 0.0275576729254101]intento: 9 tiempo: 0.018 [0.0274385519630841 0.00251410974837818 0.00331090800571915 0.00400824893578642 0.00246211602927428 0.00343243724681424 0.00239060889545092 0.00277756891724538;0.00251410974837818 0.0257280973378516 0.0024310619646598 0.00289878407048211 0.00208727420055763 0.00308345812945368 0.00238120899151522 0.00293472499267376;0.00331090800571915 0.0024310619646598 0.0259124622517314 0.00298072705019691 0.00328183653541794 0.00259882834981887 0.00214295000531073 0.00257932243906501;0.00400824893578642 0.00289878407048211 0.00298072705019691 0.0262943182285006 0.00309981039992935 0.00328354889179006 0.00274544485138976 0.00201827956839778;0.00246211602927428 0.00208727420055763 0.00328183653541794 0.00309981039992935 0.0258131350609213 0.00266265929891145 0.00302019623003868 0.00232741722721713;0.00343243724681424 0.00308345812945368 0.00259882834981887 0.00328354889179006 0.00266265929891145 0.0265261707393635 0.00281789804955307 0.00331456909302183;0.00239060889545092 0.00238120899151522 0.00214295000531073 0.00274544485138976 0.00302019623003868 0.00281789804955307 0.0270735940418708 0.00296191299364237;0.00277756891724538 0.00293472499267376 0.00257932243906501 0.00201827956839778 0.00232741722721713 0.00331456909302183 0.00296191299364237 0.0257834252008801]intento: 10 tiempo: 0.018 [0.025729448781353 0.00264767332064473 0.00364297409168493 0.00344745987214147 0.00246789228199061 0.00332107975614971 0.00228664098665726 0.00251928834689719;0.00264767332064473 0.0270239378178319 0.00285137331429942 0.00335737103203557 0.00268997370135374 0.00324476944018858 0.00296914847411625 0.00279411546140893;0.00364297409168493 0.00285137331429942 0.027004821172618 0.00310707488843196 0.00313548495655393 0.0034573164204788 0.00336494206246507 0.00296285748871459;0.00344745987214147 0.00335737103203557 0.00310707488843196 0.0264593328864667 0.00195748451359958 0.0026923243664474 0.00232970108854569 0.00335152598266309;0.00246789228199061 0.00268997370135374 0.00313548495655393 0.00195748451359958 0.0263990438211923 0.00263751307735014 0.00211133272590204 0.00284412009789561;0.00332107975614971 0.00324476944018858 0.0034573164204788 0.0026923243664474 0.00263751307735014 0.0275497781200104 0.00321351090236499 0.00347364588577436;0.00228664098665726 0.00296914847411625 0.00336494206246507 0.00232970108854569 0.00211133272590204 0.00321351090236499 0.0251074170454097 0.00286799662985584;0.00251928834689719 0.00279411546140893 0.00296285748871459 0.00335152598266309 0.00284412009789561 0.00347364588577436 0.00286799662985584 0.0265960803031171]intento: 11 tiempo: 0.018 [0.0269416673958769 0.00314240611279348 0.00255358165323896 0.00353358449402762 0.00264102371651468 0.00345561686113281 0.00349920755129974 0.00246298547826577;0.00314240611279348 0.0265705277827691 0.00305609954135122 0.00268197026462612 0.00362532690354121 0.00377609949551711 0.00349768982032597 0.00343946397866978;0.00255358165323896 0.00305609954135122 0.0255542401051994 0.00233167283314148 0.00254831259990663 0.00406951856137421 0.00262993391404311 0.00255625251834727;0.00353358449402762 0.00268197026462612 0.00233167283314148 0.0258356735655396 0.00191790339870268 0.00347925016164143 0.00179068095771551 0.00234442668707758;0.00264102371651468 0.00362532690354121 0.00254831259990663 0.00191790339870268 0.0260513340623376 0.00333917464347414 0.00237802598120546 0.00288649732338606;0.00345561686113281 0.00377609949551711 0.00406951856137421 0.00347925016164143 0.00333917464347414 0.0276463934780106 0.00347164544368328 0.00311811561937896;0.00349920755129974 0.00349768982032597 0.00262993391404311 0.00179068095771551 0.00237802598120546 0.00347164544368328 0.0257022542293838 0.00383012933956783;0.00246298547826577 0.00343946397866978 0.00255625251834727 0.00234442668707758 0.00288649732338606 0.00311811561937896 0.00383012933956783 0.0261692624465222]intento: 12 tiempo: 0.017 [0.0258683893266469 0.00304568957270867 0.00334626261748619 0.002443759989146 0.00323654664534312 0.00244694243371456 0.00279849976924376 0.00291409209060589;0.00304568957270867 0.0255586525942257 0.00306803830631262 0.00226175268469465 0.00310256430322254 0.0022724712902067 0.00226204470077947 0.00316601270927192;0.00334626261748619 0.00306803830631262 0.0272604593557273 0.0026551490706946 0.00299687951467991 0.00273187538170033 0.00406747346264391 0.00348250544838005;0.002443759989146 0.00226175268469465 0.0026551490706946 0.0267801919959652 0.00356201819321154 0.00252963494218934 0.00242404431392206 0.00168945612050267;0.00323654664534312 0.00310256430322254 0.00299687951467991 0.00356201819321154 0.0259688239070775 0.00289917018997019 0.00329233018703564 0.00291900724199594;0.00244694243371456 0.0022724712902067 0.00273187538170033 0.00252963494218934 0.00289917018997019 0.0257759961965735 0.0026007203699628 0.00221957838821095;0.00279849976924376 0.00226204470077947 0.00406747346264391 0.00242404431392206 0.00329233018703564 0.0026007203699628 0.0267222759375026 0.00286466753331556;0.00291409209060589 0.00316601270927192 0.00348250544838005 0.00168945612050267 0.00291900724199594 0.00221957838821095 0.00286466753331556 0.025209705863162]intento: 13 tiempo: 0.018 [0.0254147593799538 0.00168382571542504 0.00246966647730429 0.0025222297124604 0.00176380104497861 0.00214077354670761 0.00189163617676434 0.0024480801464921;0.00168382571542504 0.0269369152804718 0.0022263576163597 0.00335825888195519 0.00224966583085897 0.00251544435158833 0.00336151803075742 0.00201168991507461;0.00246966647730429 0.0022263576163597 0.0264374664243085 0.00219947614351961 0.00230317666057335 0.00291822294568332 0.00345207172162385 0.0032049520938275;0.0025222297124604 0.00335825888195519 0.00219947614351961 0.026352614771587 0.00290992847803646 0.00209558235153739 0.00209114261155271 0.00275987073330695;0.00176380104497861 0.00224966583085897 0.00230317666057335 0.00290992847803646 0.0258764787845536 0.002565782214791 0.00219697728357703 0.00285302210207892;0.00214077354670761 0.00251544435158833 0.00291822294568332 0.00209558235153739 0.002565782214791 0.026315599672677 0.00274419539858424 0.00255597269436482;0.00189163617676434 0.00336151803075742 0.00345207172162385 0.00209114261155271 0.00219697728357703 0.00274419539858424 0.0266443471969087 0.00217666426742539;0.0024480801464921 0.00201168991507461 0.0032049520938275 0.00275987073330695 0.00285302210207892 0.00255597269436482 0.00217666426742539 0.0258575303303516]intento: 14 tiempo: 0.017 [0.0249468435648971 0.00319134382632041 0.00194138198162135 0.00333991290270361 0.00276799616650544 0.00228034000562911 0.00303593380343194 0.00294911971384851;0.00319134382632041 0.0270788814413517 0.00289485146148759 0.0032145741833806 0.00357026613122632 0.00361715802182725 0.00254640878313283 0.00353993122475269;0.00194138198162135 0.00289485146148759 0.0257571541725963 0.00303180592677015 0.00277089900165221 0.00255791231940517 0.00319957742200397 0.00210214241089925;0.00333991290270361 0.0032145741833806 0.00303180592677015 0.0274382030081489 0.0028193617234458 0.0036486584559595 0.00259720539677021 0.00359229700072453;0.00276799616650544 0.00357026613122632 0.00277089900165221 0.0028193617234458 0.0258334472550485 0.00292757244842863 0.00364647083491415 0.00280378469398268;0.00228034000562911 0.00361715802182725 0.00255791231940517 0.0036486584559595 0.00292757244842863 0.0263727249459274 0.00298086256819514 0.00291972589406442;0.00303593380343194 0.00254640878313283 0.00319957742200397 0.00259720539677021 0.00364647083491415 0.00298086256819514 0.0263754765011699 0.00304580290828944;0.00294911971384851 0.00353993122475269 0.00210214241089925 0.00359229700072453 0.00280378469398268 0.00291972589406442 0.00304580290828944 0.0254435964686042]intento: 15 tiempo: 0.018 [0.026999773737332 0.00324624672465715 0.00345011727109656 0.00253088579276492 0.00398109632811425 0.00335502294612869 0.00301609674109934 0.0024044763795096;0.00324624672465715 0.0266106916893458 0.00347366664476699 0.00283865492232488 0.00282803586917444 0.00383637191236251 0.00275236143751778 0.00228695500593271;0.00345011727109656 0.00347366664476699 0.0264745231943263 0.00244687658432961 0.00410852187925293 0.0036998764860048 0.00355660563223494 0.00325720763055387;0.00253088579276492 0.00283865492232488 0.00244687658432961 0.0257811727796223 0.00322159403582825 0.00363146844570961 0.00271581165853858 0.00282334366162062;0.00398109632811425 0.00282803586917444 0.00410852187925293 0.00322159403582825 0.0278247570131437 0.00380070716893338 0.00382988990242984 0.00264111537599594;0.00335502294612869 0.00383637191236251 0.0036998764860048 0.00363146844570961 0.00380070716893338 0.0277412277568411 0.00290354088234241 0.00355567873695643;0.00301609674109934 0.00275236143751778 0.00355660563223494 0.00271581165853858 0.00382988990242984 0.00290354088234241 0.0271482153539481 0.0026047956198821;0.0024044763795096 0.00228695500593271 0.00325720763055387 0.00282334366162062 0.00264111537599594 0.00355567873695643 0.0026047956198821 0.0253488754198918]intento: 16 tiempo: 0.018 [0.0258289998971898 0.00316598793973712 0.00248556436081657 0.00345673351854348 0.00258333986924157 0.00260036139433927 0.00239299285562604 0.00299484819001061;0.00316598793973712 0.0273456411390748 0.0042581970710931 0.00296818658572801 0.00343530377163468 0.00388061108513707 0.00363415209975643 0.00416272450593754;0.00248556436081657 0.0042581970710931 0.0279408315493477 0.00336835148503771 0.00313502418568512 0.0036688981366432 0.00375616040069089 0.00383966671681127;0.00345673351854348 0.00296818658572801 0.00336835148503771 0.0270255493338058 0.00234985725445205 0.00340332117373954 0.002961184427195 0.00357032458409711;0.00258333986924157 0.00343530377163468 0.00313502418568512 0.00234985725445205 0.0269173949434854 0.00319621399053879 0.00297734748493231 0.00289238005335991;0.00260036139433927 0.00388061108513707 0.0036688981366432 0.00340332117373954 0.00319621399053879 0.0266873102110145 0.00352999377572183 0.00356954410106947;0.00239299285562604 0.00363415209975643 0.00375616040069089 0.002961184427195 0.00297734748493231 0.00352999377572183 0.0253458817635131 0.00402401422284288;0.00299484819001061 0.00416272450593754 0.00383966671681127 0.00357032458409711 0.00289238005335991 0.00356954410106947 0.00402401422284288 0.0269658256488549]intento: 17 tiempo: 0.018 [0.0258662961978856 0.00161975725792294 0.0023243507584072 0.00157056107959993 0.00182843829823912 0.00263358449840095 0.00173616567461744 0.00190436316485074;0.00161975725792294 0.0262680133446155 0.00285443971583509 0.00186538934731955 0.00219983364448275 0.00255734599633226 0.00199245959683705 0.00249547723384048;0.0023243507584072 0.00285443971583509 0.0260171430939886 0.00183093069152029 0.00300249083215702 0.00231253511904004 0.00228669235931959 0.00244527168680897;0.00157056107959993 0.00186538934731955 0.00183093069152029 0.0250292818898529 0.00218047995053667 0.00195193308696093 0.00175367315356359 0.00240585471933266;0.00182843829823912 0.00219983364448275 0.00300249083215702 0.00218047995053667 0.0248340543593343 0.00243483797828782 0.00247566818111085 0.00204878637216127;0.00263358449840095 0.00255734599633226 0.00231253511904004 0.00195193308696093 0.00243483797828782 0.0264584471658392 0.00278280745908743 0.00197787147590744;0.00173616567461744 0.00199245959683705 0.00228669235931959 0.00175367315356359 0.00247566818111085 0.00278280745908743 0.0249995876584984 0.00177807424861983;0.00190436316485074 0.00249547723384048 0.00244527168680897 0.00240585471933266 0.00204878637216127 0.00197787147590744 0.00177807424861983 0.024982211833016]intento: 18 tiempo: 0.018 [0.0268663683143623 0.00272891912588197 0.00347358921364042 0.00437596126460404 0.00391873681272927 0.0034774537051831 0.0032863427449682 0.00331821874589075;0.00272891912588197 0.0266747526171907 0.00254770784218781 0.00335847546413621 0.00372256272523197 0.00307585698824016 0.00248050031592076 0.00249163630851575;0.00347358921364042 0.00254770784218781 0.0251875979243406 0.00309066003149391 0.00316702734835839 0.0025626689290941 0.00275812045168385 0.00318465489390349;0.00437596126460404 0.00335847546413621 0.00309066003149391 0.0273851937243172 0.0039835514124517 0.00336847215864796 0.00326105889530389 0.00275931093126993;0.00391873681272927 0.00372256272523197 0.00316702734835839 0.0039835514124517 0.0270167717809546 0.0038047400030937 0.00381434963735885 0.00360221262925872;0.0034774537051831 0.00307585698824016 0.0025626689290941 0.00336847215864796 0.0038047400030937 0.0278800315251868 0.00317625047140724 0.00259263786651207;0.0032863427449682 0.00248050031592076 0.00275812045168385 0.00326105889530389 0.00381434963735885 0.00317625047140724 0.0268747657529758 0.00347646510920291;0.00331821874589075 0.00249163630851575 0.00318465489390349 0.00275931093126993 0.00360221262925872 0.00259263786651207 0.00347646510920291 0.0274621510463222]intento: 19 tiempo: 0.019 [0.0278908326976185 0.00306441238368704 0.00370630741583251 0.00244385052340448 0.00397578161163054 0.00334887694690783 0.00256752757666803 0.00374299604053178;0.00306441238368704 0.0267034426065016 0.0025336841484245 0.00206359818193775 0.00270630068573636 0.00339342845394793 0.00210554606943856 0.00262125766011247;0.00370630741583251 0.0025336841484245 0.0255390731065732 0.00188306750251038 0.00330817876564593 0.00213046515950462 0.00323274339423923 0.00309985013434502;0.00244385052340448 0.00206359818193775 0.00188306750251038 0.026320229555625 0.00266156010994283 0.00274134629385228 0.00270866621795047 0.00210239002504499;0.00397578161163054 0.00270630068573636 0.00330817876564593 0.00266156010994283 0.0276412647570134 0.00301738825186572 0.00187299077229862 0.00263022331696123;0.00334887694690783 0.00339342845394793 0.00213046515950462 0.00274134629385228 0.00301738825186572 0.0260180976324317 0.0020865548992768 0.00333186357699575;0.00256752757666803 0.00210554606943856 0.00323274339423923 0.00270866621795047 0.00187299077229862 0.0020865548992768 0.0245636432188024 0.00269113460915919;0.00374299604053178 0.00262125766011247 0.00309985013434502 0.00210239002504499 0.00263022331696123 0.00333186357699575 0.00269113460915919 0.026595120409983]intento: 20 tiempo: 0.018 [0.0254216022636377 0.00298883791524379 0.00297413932716273 0.00278459994782817 0.00142359079062862 0.00268192472489111 0.00324985991782616 0.00318152743292812;0.00298883791524379 0.0274543463088502 0.00274998290370888 0.00258730751498501 0.00330260136618117 0.00285798754861438 0.00395262494825294 0.00290190794933498;0.00297413932716273 0.00274998290370888 0.0254912253605574 0.00287292298566159 0.002787402986705 0.00327041952038933 0.003978007153861 0.00250845904005882;0.00278459994782817 0.00258730751498501 0.00287292298566159 0.0275932298424869 0.00329366883592124 0.00225360061950783 0.00401080136605631 0.00261033523797687;0.00142359079062862 0.00330260136618117 0.002787402986705 0.00329366883592124 0.0265613151188094 0.0023409399662363 0.00357938017882221 0.00254550661387075;0.00268192472489111 0.00285798754861438 0.00327041952038933 0.00225360061950783 0.0023409399662363 0.0269218538840086 0.00314255483611289 0.0032391544437213;0.00324985991782616 0.00395262494825294 0.003978007153861 0.00401080136605631 0.00357938017882221 0.00314255483611289 0.0279086018306043 0.00442777132924665;0.00318152743292812 0.00290190794933498 0.00250845904005882 0.00261033523797687 0.00254550661387075 0.0032391544437213 0.00442777132924665 0.0279149919437471]intento: 21 tiempo: 0.018 [0.0277886660168295 0.00272381406746723 0.00370467107751164 0.00343621541691952 0.0039133445327346 0.00411485113704735 0.00317671517438161 0.00292293117046489;0.00272381406746723 0.0260931973843329 0.00229550692846607 0.00178043751235125 0.00264924443420497 0.00247096412351202 0.00312697987069654 0.00184626659420451;0.00370467107751164 0.00229550692846607 0.0272510715533228 0.0026034804044898 0.00396621441749749 0.00305840320673157 0.00355591434612276 0.00226122200959048;0.00343621541691952 0.00178043751235125 0.0026034804044898 0.0262362620242894 0.00353774911178737 0.00325796500727363 0.00245298870254694 0.00335266802033211;0.0039133445327346 0.00264924443420497 0.00396621441749749 0.00353774911178737 0.0274227334433232 0.00264808711367941 0.00355297014618673 0.0028629266336374;0.00411485113704735 0.00247096412351202 0.00305840320673157 0.00325796500727363 0.00264808711367941 0.0263347298320849 0.00277326564418861 0.00309835167034944;0.00317671517438161 0.00312697987069654 0.00355591434612276 0.00245298870254694 0.00355297014618673 0.00277326564418861 0.0259002803285705 0.00301282978439862;0.00292293117046489 0.00184626659420451 0.00226122200959048 0.00335266802033211 0.0028629266336374 0.00309835167034944 0.00301282978439862 0.0258705876724764]intento: 22 tiempo: 0.018 [0.0281759406705783 0.00406619638855887 0.00374828200123547 0.00200544829141162 0.00343000102064943 0.00357190382596113 0.00336866116036094 0.00309942814006966;0.00406619638855887 0.0269671770389135 0.00265413338008441 0.00318579388200162 0.00361084554890977 0.00337803676144171 0.00224375769696548 0.00318826104365451;0.00374828200123547 0.00265413338008441 0.0262866091711071 0.0025187944655945 0.00404623989188254 0.00337800097922751 0.00397478633403263 0.00256233819640998;0.00200544829141162 0.00318579388200162 0.0025187944655945 0.0263560107416204 0.00309006271457414 0.00286658263466055 0.00270018816811408 0.00230116719501249;0.00343000102064943 0.00361084554890977 0.00404623989188254 0.00309006271457414 0.0273053262934053 0.00346536146653554 0.00346963113150714 0.003192639581609;0.00357190382596113 0.00337803676144171 0.00337800097922751 0.00286658263466055 0.00346536146653554 0.0254998833389868 0.00388438452616485 0.00320283374020549;0.00336866116036094 0.00224375769696548 0.00397478633403263 0.00270018816811408 0.00346963113150714 0.00388438452616485 0.0265550330242141 0.00316942142521905;0.00309942814006966 0.00318826104365451 0.00256233819640998 0.00230116719501249 0.003192639581609 0.00320283374020549 0.00316942142521905 0.0252994646467697]intento: 23 tiempo: 0.018 [0.0270379284939443 0.00403937827377923 0.00329874714305241 0.00340218519191281 0.00263818228302374 0.00369062921533068 0.00347389996402083 0.00381667546145458;0.00403937827377923 0.0273366360175935 0.00330117412866145 0.00304131186628185 0.0030591035708367 0.00353018758932964 0.00322996280643536 0.00402805673995307;0.00329874714305241 0.00330117412866145 0.0259366857028049 0.00374911713337141 0.00296013156612053 0.00322588230716717 0.00236636924099708 0.00363843335718114;0.00340218519191281 0.00304131186628185 0.00374911713337141 0.0267878135680747 0.00298275461125027 0.00299259452976216 0.00330245534724273 0.00412207281461139;0.00263818228302374 0.0030591035708367 0.00296013156612053 0.00298275461125027 0.0270858857349474 0.00265604957526228 0.00270299648884017 0.00403042383011209;0.00369062921533068 0.00353018758932964 0.00322588230716717 0.00299259452976216 0.00265604957526228 0.0257560580248874 0.00284296319126015 0.0034176135752549;0.00347389996402083 0.00322996280643536 0.00236636924099708 0.00330245534724273 0.00270299648884017 0.00284296319126015 0.0257853312122056 0.00317404962169114;0.00381667546145458 0.00402805673995307 0.00363843335718114 0.00412207281461139 0.00403042383011209 0.0034176135752549 0.00317404962169114 0.0283994169643245]intento: 24 tiempo: 0.019 [0.0259905099506543 0.00283109182363247 0.00265393361721075 0.002985419177876 0.00271677106726497 0.00228096964572302 0.00247356557029114 0.00146055511140974;0.00283109182363247 0.0258784740884344 0.00262549445555078 0.00201099418585178 0.00306954085552581 0.00233438740362804 0.00297476538198717 0.00245796307017344;0.00265393361721075 0.00262549445555078 0.0271358930597566 0.00248249327338138 0.00290836761730393 0.00298318168060383 0.00308715155543588 0.00229062881002816;0.002985419177876 0.00201099418585178 0.00248249327338138 0.0262473489836959 0.00322944156630578 0.00332911210079291 0.00346826262145607 0.00304274924375397;0.00271677106726497 0.00306954085552581 0.00290836761730393 0.00322944156630578 0.0259440395321022 0.00223322968396285 0.00357203564892558 0.00259449205425123;0.00228096964572302 0.00233438740362804 0.00298318168060383 0.00332911210079291 0.00223322968396285 0.0253513514098896 0.00259328165576685 0.00167724248285984;0.00247356557029114 0.00297476538198717 0.00308715155543588 0.00346826262145607 0.00357203564892558 0.00259328165576685 0.0262185254879138 0.00312485001963706;0.00146055511140974 0.00245796307017344 0.00229062881002816 0.00304274924375397 0.00259449205425123 0.00167724248285984 0.00312485001963706 0.0260835580099731]intento: 25 tiempo: 0.017 [0.027123502715623 0.00302915607737108 0.00287738166869957 0.00301865832682136 0.00314160421425978 0.00421770425345661 0.00352798344505764 0.00312062902656105;0.00302915607737108 0.0257345387430925 0.00343468974557647 0.00238568676863533 0.00256648220255586 0.00272719234311092 0.00303881911172427 0.00321054355740003;0.00287738166869957 0.00343468974557647 0.0264803407905134 0.00222559488223927 0.00270730627102366 0.00294522704668287 0.00222081736784616 0.0031161098169732;0.00301865832682136 0.00238568676863533 0.00222559488223927 0.0262774943859053 0.0022680992318189 0.00295056069497291 0.00224447717823363 0.00282870096115427;0.00314160421425978 0.00256648220255586 0.00270730627102366 0.0022680992318189 0.0266274896270477 0.00372504090801447 0.00396582172135341 0.00259226224613547;0.00421770425345661 0.00272719234311092 0.00294522704668287 0.00295056069497291 0.00372504090801447 0.0278055481708817 0.00317812493400945 0.00285550738624079;0.00352798344505764 0.00303881911172427 0.00222081736784616 0.00224447717823363 0.00396582172135341 0.00317812493400945 0.026881449453041 0.00255518721890194;0.00312062902656105 0.00321054355740003 0.0031161098169732 0.00282870096115427 0.00259226224613547 0.00285550738624079 0.00255518721890194 0.0267901947981159]intento: 26 tiempo: 0.018 [0.026617735686641 0.00375684861657673 0.00249131139368561 0.00307429386071913 0.00269739371029912 0.00225058743396072 0.0024652299857199 0.0026095772367206;0.00375684861657673 0.0266363209777127 0.00311958430481129 0.00315839891302221 0.00321510080939798 0.00370887804974862 0.00352316857515102 0.00247695945604134;0.00249131139368561 0.00311958430481129 0.0266978483111281 0.00321067676342664 0.00294992224987576 0.00352628587447515 0.00329559966976267 0.00304731486993956;0.00307429386071913 0.00315839891302221 0.00321067676342664 0.0273953842142695 0.00314001497910711 0.00288164036667429 0.00292603024086033 0.0026581077789275;0.00269739371029912 0.00321510080939798 0.00294992224987576 0.00314001497910711 0.0264017743188338 0.00278137790580697 0.00282518178593344 0.0025857185971718;0.00225058743396072 0.00370887804974862 0.00352628587447515 0.00288164036667429 0.00278137790580697 0.0270343980403542 0.00338484045503308 0.00337885914065909;0.0024652299857199 0.00352316857515102 0.00329559966976267 0.00292603024086033 0.00282518178593344 0.00338484045503308 0.0263507836841402 0.00265600982100462;0.0026095772367206 0.00247695945604134 0.00304731486993956 0.0026581077789275 0.0025857185971718 0.00337885914065909 0.00265600982100462 0.0267953806232339]intento: 27 tiempo: 0.018 [0.0252691054177832 0.00279679526374192 0.00229956885460906 0.00214515908750482 0.00240219923960497 0.00198678451862181 0.00145966436012295 0.00197337538571222;0.00279679526374192 0.0263998870224664 0.00339772162243911 0.00234379989383602 0.00255431501972792 0.00278130098359985 0.0018046367836903 0.00320187355545044;0.00229956885460906 0.00339772162243911 0.0262794395822731 0.00284102195190011 0.00303611273976523 0.00279786204232324 0.00246884179175621 0.00245039076694034;0.00214515908750482 0.00234379989383602 0.00284102195190011 0.0254137012194505 0.00214801984060288 0.0026964518802614 0.00276084240075574 0.00213064441545442;0.00240219923960497 0.00255431501972792 0.00303611273976523 0.00214801984060288 0.0265862216028856 0.00358873375695484 0.00190726636870748 0.00287178334460428;0.00198678451862181 0.00278130098359985 0.00279786204232324 0.0026964518802614 0.00358873375695484 0.0250249393088288 0.00222679739148114 0.00306652001966686;0.00145966436012295 0.0018046367836903 0.00246884179175621 0.00276084240075574 0.00190726636870748 0.00222679739148114 0.0246687495819529 0.00318416322142374;0.00197337538571222 0.00320187355545044 0.00245039076694034 0.00213064441545442 0.00287178334460428 0.00306652001966686 0.00318416322142374 0.0256481251917193]intento: 28 tiempo: 0.018 [0.0249564196180495 0.0027150159623018 0.00304610954171043 0.00280682744384181 0.00247929180486968 0.0023339714175596 0.00311982646289938 0.00297344338648026;0.0027150159623018 0.0255073374554148 0.00297698371359639 0.0034742035364757 0.00305680467259238 0.00280185857521642 0.00339940478129377 0.00274229310654978;0.00304610954171043 0.00297698371359639 0.0273133728876907 0.00318956592628724 0.00218298083695007 0.00276206155453924 0.00278934336078509 0.00333346415974786;0.00280682744384181 0.0034742035364757 0.00318956592628724 0.026713757420275 0.00314441146963768 0.00263790883614717 0.00373666796782955 0.00270230948075296;0.00247929180486968 0.00305680467259238 0.00218298083695007 0.00314441146963768 0.0268995451758992 0.00221005398086816 0.0024297858182246 0.00265779373699977;0.0023339714175596 0.00280185857521642 0.00276206155453924 0.00263790883614717 0.00221005398086816 0.0272677846735396 0.0018775558708432 0.00327510494202841;0.00311982646289938 0.00339940478129377 0.00278934336078509 0.00373666796782955 0.0024297858182246 0.0018775558708432 0.0269997736610474 0.00291247925364645;0.00297344338648026 0.00274229310654978 0.00333346415974786 0.00270230948075296 0.00265779373699977 0.00327510494202841 0.00291247925364645 0.0255152115174662]intento: 29 tiempo: 0.017 [0.0254204908341088 0.00329626454624022 0.00279563224121743 0.00255397005238124 0.0029673362719141 0.00345726746298909 0.00327492167407964 0.00240212852117618;0.00329626454624022 0.0266325824639437 0.00284746444446115 0.00314983564672391 0.00392648960097229 0.00359188886771437 0.00301782140433425 0.00323930295397383;0.00279563224121743 0.00284746444446115 0.0260452722979295 0.00346795661360642 0.002981232087761 0.0039670401114242 0.00349536940869739 0.00283018821081343;0.00255397005238124 0.00314983564672391 0.00346795661360642 0.0270882128545054 0.00292212723948956 0.00364813752529631 0.00345375205775654 0.00332270142278919;0.0029673362719141 0.00392648960097229 0.002981232087761 0.00292212723948956 0.0278376710429178 0.00363159312153113 0.00272938112668864 0.00313731162810263;0.00345726746298909 0.00359188886771437 0.0039670401114242 0.00364813752529631 0.00363159312153113 0.0282143260703793 0.00361720246379832 0.00361644734554256;0.00327492167407964 0.00301782140433425 0.00349536940869739 0.00345375205775654 0.00272938112668864 0.00361720246379832 0.0253307695570932 0.0028619567482873;0.00240212852117618 0.00323930295397383 0.00283018821081343 0.00332270142278919 0.00313731162810263 0.00361644734554256 0.0028619567482873 0.0262998723840508]intento: 30 tiempo: 0.018 [0.0265757401322276 0.0015653528090647 0.0024468140853788 0.00294757251955606 0.00308939497877973 0.00272631526494302 0.00265505231939646 0.00221294421407541;0.0015653528090647 0.0269267739152604 0.00254136093794227 0.00180298624041704 0.00250061012147592 0.00193507016682579 0.00300442780766814 0.00159082409151622;0.0024468140853788 0.00254136093794227 0.0252340659694635 0.00242207558493813 0.00293305860089108 0.00192895702829927 0.00257653498636159 0.00252263703800175;0.00294757251955606 0.00180298624041704 0.00242207558493813 0.0258877081591966 0.00240022574693426 0.0022012819125801 0.00281154480474351 0.00252365764875146;0.00308939497877973 0.00250061012147592 0.00293305860089108 0.00240022574693426 0.0260999045712143 0.00177229347432256 0.00266799169841516 0.00330681703516284;0.00272631526494302 0.00193507016682579 0.00192895702829927 0.0022012819125801 0.00177229347432256 0.0244032405706748 0.00216074877624863 0.00224475349167504;0.00265505231939646 0.00300442780766814 0.00257653498636159 0.00281154480474351 0.00266799169841516 0.00216074877624863 0.0262294133698973 0.00302452581338795;0.00221294421407541 0.00159082409151622 0.00252263703800175 0.00252365764875146 0.00330681703516284 0.00224475349167504 0.00302452581338795 0.0262262548388886]intento: 31 tiempo: 0.017 [0.0263247711665712 0.00187231778305749 0.0019873968748211 0.00238965663718329 0.00236206256175565 0.00262127931737161 0.00281451337977063 0.00257734653972647;0.00187231778305749 0.0254992279967645 0.00268380899907716 0.0023625094456375 0.00260136517279011 0.00229264953101479 0.00258817943690228 0.00285008346041339;0.0019873968748211 0.00268380899907716 0.0263359599616676 0.00265692383881212 0.00293408928198155 0.00244791814293267 0.00337930196789277 0.00292187424487654;0.00238965663718329 0.0023625094456375 0.00265692383881212 0.0263881713808193 0.00300582092134525 0.00148993295135429 0.00208229983403275 0.002806183990759;0.00236206256175565 0.00260136517279011 0.00293408928198155 0.00300582092134525 0.026182214693567 0.0016171596967773 0.0025865349405867 0.00203273037607848;0.00262127931737161 0.00229264953101479 0.00244791814293267 0.00148993295135429 0.0016171596967773 0.0262223129222341 0.00184257207206323 0.00220702468349287;0.00281451337977063 0.00258817943690228 0.00337930196789277 0.00208229983403275 0.0025865349405867 0.00184257207206323 0.025821295664362 0.0024978666150339;0.00257734653972647 0.00285008346041339 0.00292187424487654 0.002806183990759 0.00203273037607848 0.002