intento: 2 tiempo: 0.023 [0.0261088166510349 0.00282359019031814 0.00267945569105296 0.00273437192707379 0.00362227512028874 0.00302627381202798 0.0030590702874955 0.00262677521653939 0.00171712881399751;0.00282359019031814 0.0263543650153794 0.0029732322654092 0.00323656761500314 0.00380505202818138 0.00288213002661632 0.0023685622355423 0.00344846264134627 0.00292468325390876;0.00267945569105296 0.0029732322654092 0.0260457396956928 0.00239567481837869 0.00305390015273268 0.00382966970671653 0.0028752740296795 0.00296137530876436 0.00251073203258295;0.00273437192707379 0.00323656761500314 0.00239567481837869 0.0268046421280517 0.00311598151307271 0.00325918762774088 0.00295601248188542 0.00343045470124995 0.00256803712197011;0.00362227512028874 0.00380505202818138 0.00305390015273268 0.00311598151307271 0.0256702627306087 0.00294617151386353 0.00340688559122748 0.00311088237614918 0.00269494994691882;0.00302627381202798 0.00288213002661632 0.00382966970671653 0.00325918762774088 0.00294617151386353 0.0264053468302652 0.00292422538466835 0.00248369342096032 0.0025710467847015;0.0030590702874955 0.0023685622355423 0.0028752740296795 0.00295601248188542 0.00340688559122748 0.00292422538466835 0.0258352243660058 0.00327078158577792 0.00310903506271141;0.00262677521653939 0.00344846264134627 0.00296137530876436 0.00343045470124995 0.00311088237614918 0.00248369342096032 0.00327078158577792 0.0265118997397434 0.00165348051586548;0.00171712881399751 0.00292468325390876 0.00251073203258295 0.00256803712197011 0.00269494994691882 0.0025710467847015 0.00310903506271141 0.00165348051586548 0.0260256232385818]intento: 4 tiempo: 0.021 [0.0258547697855478 0.00297513803912686 0.0029429054585244 0.0029178701085377 0.0019915607179885 0.0026453774205599 0.00240428545191141 0.00287102162887843 0.00273318183823662;0.00297513803912686 0.0256639329665041 0.00341079680010352 0.00319300524525199 0.00310138082060019 0.00309715425182901 0.00356376015739176 0.0027128682612207 0.00378647937981795;0.0029429054585244 0.00341079680010352 0.025802039280841 0.00326780668316776 0.0033688194529824 0.00359688660609541 0.00374909953812848 0.00328390148111315 0.00237436051992571;0.0029178701085377 0.00319300524525199 0.00326780668316776 0.0256969783745935 0.00262473306684388 0.00246137664813437 0.00372016956869726 0.00317055270931365 0.00314570473607936;0.0019915607179885 0.00310138082060019 0.0033688194529824 0.00262473306684388 0.0250450022007688 0.00346801354668216 0.00241530393268609 0.00311080419488992 0.00243214113387484;0.0026453774205599 0.00309715425182901 0.00359688660609541 0.00246137664813437 0.00346801354668216 0.0248910038721248 0.00284728027197849 0.00283546425348081 0.00246075001717162;0.00240428545191141 0.00356376015739176 0.00374909953812848 0.00372016956869726 0.00241530393268609 0.00284728027197849 0.0270826602777998 0.00379840888353592 0.00332733447838662;0.00287102162887843 0.0027128682612207 0.00328390148111315 0.00317055270931365 0.00311080419488992 0.00283546425348081 0.00379840888353592 0.0252754568891061 0.0023773338418072;0.00273318183823662 0.00378647937981795 0.00237436051992571 0.00314570473607936 0.00243214113387484 0.00246075001717162 0.00332733447838662 0.0023773338418072 0.0253841496989195]intento: 6 tiempo: 0.024 [0.0257081178284116 0.00392186427206902 0.00338569600315637 0.00359900860368894 0.00277594229515273 0.00231060843766558 0.00290891175225185 0.00279903760334189 0.00363360619000111;0.00392186427206902 0.0246643936183388 0.00359484968231024 0.003741719084236 0.00256440638671342 0.00264834810422791 0.00314314171547547 0.00305218636212999 0.00291059145600383;0.00338569600315637 0.00359484968231024 0.0250903456783653 0.00259422780024439 0.003830755179551 0.00269892658071139 0.00269657579005784 0.0030609734031492 0.00301231766247281;0.00359900860368894 0.003741719084236 0.00259422780024439 0.024814414566313 0.00299267746755278 0.00205282526763765 0.00283553910996767 0.00218968675188811 0.00272669260835684;0.00277594229515273 0.00256440638671342 0.003830755179551 0.00299267746755278 0.026150945555269 0.00260430312920623 0.002744856708115 0.00265481063295638 0.00302455249969187;0.00231060843766558 0.00264834810422791 0.00269892658071139 0.00205282526763765 0.00260430312920623 0.0244692413755723 0.00245593037116143 0.00202820690204443 0.00329067741824557;0.00290891175225185 0.00314314171547547 0.00269657579005784 0.00283553910996767 0.002744856708115 0.00245593037116143 0.0244529873554976 0.00300249843730679 0.0029186866059682;0.00279903760334189 0.00305218636212999 0.0030609734031492 0.00218968675188811 0.00265481063295638 0.00202820690204443 0.00300249843730679 0.0243437982087504 0.00292682968503156;0.00363360619000111 0.00291059145600383 0.00301231766247281 0.00272669260835684 0.00302455249969187 0.00329067741824557 0.0029186866059682 0.00292682968503156 0.0249159614931949]intento: 8 tiempo: 0.021 [0.0251516341644042 0.00298108672152826 0.00287077928364441 0.00338385669796567 0.00364452725353447 0.0035645069641159 0.00292887434932124 0.00270746419681779 0.00277945688762;0.00298108672152826 0.0256819826254224 0.00310696152505593 0.00274030715611376 0.00315777388683322 0.00243423970807462 0.00294678440407109 0.00187355481291045 0.00302027694847014;0.00287077928364441 0.00310696152505593 0.023022614336267 0.00266078220490279 0.00263851822617791 0.00271131247869395 0.00250665174779554 0.00201572163131605 0.00251950113012929;0.00338385669796567 0.00274030715611376 0.00266078220490279 0.0252976002705394 0.00277058225558845 0.00289935963621446 0.00235755194791486 0.00235429825767407 0.00285295180078495;0.00364452725353447 0.00315777388683322 0.00263851822617791 0.00277058225558845 0.0239555917080514 0.00291012659474633 0.00283714387958011 0.00200314821410236 0.00267516290818651;0.0035645069641159 0.00243423970807462 0.00271131247869395 0.00289935963621446 0.00291012659474633 0.0245939389823063 0.00263401906163421 0.00178975750526756 0.00243719217740523;0.00292887434932124 0.00294678440407109 0.00250665174779554 0.00235755194791486 0.00283714387958011 0.00263401906163421 0.0245796655345585 0.00220851985565691 0.00324400009579277;0.00270746419681779 0.00187355481291045 0.00201572163131605 0.00235429825767407 0.00200314821410236 0.00178975750526756 0.00220851985565691 0.0236998941767904 0.00284657546773335;0.00277945688762 0.00302027694847014 0.00251950113012929 0.00285295180078495 0.00267516290818651 0.00243719217740523 0.00324400009579277 0.00284657546773335 0.0243095052464878]intento: 10 tiempo: 0.021 [0.0237980444277093 0.00276930451023649 0.00247947551919073 0.00246265557998835 0.00278923480539848 0.0027713009159248 0.00198051624291635 0.00293030067704309 0.00235140518656587;0.00276930451023649 0.0234906489191111 0.00223786055798786 0.00212882540606841 0.00347701053130932 0.00255629504946075 0.00184204603752375 0.00308442841153919 0.00152062952650117;0.00247947551919073 0.00223786055798786 0.0230828485465859 0.00251687987739725 0.00246345430298541 0.00245929605121268 0.00184242541784662 0.00190706594592476 0.00216179893838901;0.00246265557998835 0.00212882540606841 0.00251687987739725 0.0247156657734465 0.00238190082836165 0.0026310942107542 0.00254802228704603 0.00311632222651694 0.00220950277233826;0.00278923480539848 0.00347701053130932 0.00246345430298541 0.00238190082836165 0.0255110638483176 0.00353260517880081 0.00332426399089728 0.00318126298809132 0.00311440593154937;0.0027713009159248 0.00255629504946075 0.00245929605121268 0.0026310942107542 0.00353260517880081 0.0243665499242965 0.00320512117570724 0.00272442069893605 0.00279079470543584;0.00198051624291635 0.00184204603752375 0.00184242541784662 0.00254802228704603 0.00332426399089728 0.00320512117570724 0.024440995111021 0.00326628841322771 0.00268703636414798;0.00293030067704309 0.00308442841153919 0.00190706594592476 0.00311632222651694 0.00318126298809132 0.00272442069893605 0.00326628841322771 0.0252118326934632 0.00308394632572814;0.00235140518656587 0.00152062952650117 0.00216179893838901 0.00220950277233826 0.00311440593154937 0.00279079470543584 0.00268703636414798 0.00308394632572814 0.0236532416628676]intento: 12 tiempo: 0.022 [0.0260565109202887 0.0028012259686932 0.0027632932021508 0.00275441311935458 0.00240644111845448 0.00328036224413757 0.00300796135456777 0.00326589423690766 0.00315792578382916;0.0028012259686932 0.0261105205729109 0.00359241111592958 0.00359213995986421 0.00294292593308994 0.00305091396925784 0.00265792408164106 0.0034541784967592 0.00248562521846233;0.0027632932021508 0.00359241111592958 0.0259930819258283 0.00280975987736187 0.00254085859391217 0.00318453600236806 0.00245308193732215 0.00261946421471106 0.0030415504527786;0.00275441311935458 0.00359213995986421 0.00280975987736187 0.026188403050171 0.00260288773646339 0.0035528315255916 0.00372540458862211 0.00326171966451694 0.00345098081489368;0.00240644111845448 0.00294292593308994 0.00254085859391217 0.00260288773646339 0.0256360585708658 0.00266797336059568 0.00223604510901278 0.00395580433904136 0.0032035878425115;0.00328036224413757 0.00305091396925784 0.00318453600236806 0.0035528315255916 0.00266797336059568 0.0262089496151693 0.00327956278089806 0.0034116691348055 0.00296572921102325;0.00300796135456777 0.00265792408164106 0.00245308193732215 0.00372540458862211 0.00223604510901278 0.00327956278089806 0.0250555217022059 0.00361581220205742 0.00255173550706076;0.00326589423690766 0.0034541784967592 0.00261946421471106 0.00326171966451694 0.00395580433904136 0.0034116691348055 0.00361581220205742 0.0265259623507773 0.00333740923928822;0.00315792578382916 0.00248562521846233 0.0030415504527786 0.00345098081489368 0.0032035878425115 0.00296572921102325 0.00255173550706076 0.00333740923928822 0.0266688280020469]intento: 14 tiempo: 0.021 [0.0257302179670089 0.00209154072443851 0.00231263808466375 0.00283097072972625 0.0028107590010546 0.00187077016878858 0.0034198706196744 0.00317312824234263 0.00349685011010813;0.00209154072443851 0.0273501207195947 0.00276177876256445 0.00335848470804941 0.00310915421251181 0.00251813813343491 0.00321710391512415 0.00397160927826178 0.00263549251238014;0.00231263808466375 0.00276177876256445 0.025753154199765 0.00332887896156285 0.00282887293367462 0.00219151790621321 0.00291911536154099 0.00299802031826706 0.00291369635792131;0.00283097072972625 0.00335848470804941 0.00332887896156285 0.0268705440366288 0.00341914491492004 0.00263281667582224 0.0039914336921886 0.00399967433610225 0.00359138307201879;0.0028107590010546 0.00310915421251181 0.00282887293367462 0.00341914491492004 0.0272363555885813 0.00234522382833779 0.00304702944297833 0.00347178516623469 0.00285305536653344;0.00187077016878858 0.00251813813343491 0.00219151790621321 0.00263281667582224 0.00234522382833779 0.0247784384489171 0.00215987222377494 0.00238957691757305 0.00241377627120917;0.0034198706196744 0.00321710391512415 0.00291911536154099 0.0039914336921886 0.00304702944297833 0.00215987222377494 0.0264732247427176 0.00339154167374812 0.00341229444240634;0.00317312824234263 0.00397160927826178 0.00299802031826706 0.00399967433610225 0.00347178516623469 0.00238957691757305 0.00339154167374812 0.0276681728007536 0.0039376355234934;0.00349685011010813 0.00263549251238014 0.00291369635792131 0.00359138307201879 0.00285305536653344 0.00241377627120917 0.00341229444240634 0.0039376355234934 0.0258839570787408]intento: 16 tiempo: 0.024 [0.0247582302119047 0.00365952907512801 0.00290186842227926 0.00278318124913031 0.00308199735795167 0.00239346529304962 0.00317129537703825 0.00274183262356399 0.00271763088780602;0.00365952907512801 0.0260725845850958 0.00197072201213187 0.00343423162990387 0.00248730430517611 0.00232818788716933 0.00280982934696118 0.002036426450588 0.00179672006920075;0.00290186842227926 0.00197072201213187 0.0239650731629016 0.0023027771674154 0.00310541536642366 0.00225344059762754 0.00244502706162977 0.00265160051186404 0.00213948112902264;0.00278318124913031 0.00343423162990387 0.0023027771674154 0.0241127150286009 0.00342615722465096 0.00271079631385785 0.00283887001790254 0.00257567889244604 0.00300840498390933;0.00308199735795167 0.00248730430517611 0.00310541536642366 0.00342615722465096 0.0264297277679214 0.00268943802030257 0.00349166257885912 0.00340808870108904 0.00264954204638757;0.00239346529304962 0.00232818788716933 0.00225344059762754 0.00271079631385785 0.00268943802030257 0.0250182680610808 0.0028526893881883 0.00282236985751533 0.00244687059499046;0.00317129537703825 0.00280982934696118 0.00244502706162977 0.00283887001790254 0.00349166257885912 0.0028526893881883 0.0251379029589561 0.00249821456740268 0.00308410925414178;0.00274183262356399 0.002036426450588 0.00265160051186404 0.00257567889244604 0.00340808870108904 0.00282236985751533 0.00249821456740268 0.0246671230329691 0.00256262989669394;0.00271763088780602 0.00179672006920075 0.00213948112902264 0.00300840498390933 0.00264954204638757 0.00244687059499046 0.00308410925414178 0.00256262989669394 0.0251774484964517]intento: 18 tiempo: 0.022 [0.0242421554427475 0.00228951579299117 0.00299550797537673 0.002727645907855 0.00277362455094945 0.00233330827757888 0.00241976009895324 0.00354418083385933 0.00263164954724498;0.00228951579299117 0.0244011940995938 0.00225528436991068 0.00283031072123292 0.00307842808415233 0.00241927223872697 0.00264118474219777 0.00250333376452014 0.00245940859104955;0.00299550797537673 0.00225528436991068 0.0245367298652963 0.00223463912075487 0.00215432030075146 0.00294851231621236 0.00221444516019374 0.00385119832044115 0.00298000197483682;0.002727645907855 0.00283031072123292 0.00223463912075487 0.0243815880601788 0.00224248442463675 0.00234884972243134 0.00221398548241192 0.00304281800976699 0.00242207460353974;0.00277362455094945 0.00307842808415233 0.00215432030075146 0.00224248442463675 0.0242915647716392 0.00259555002961909 0.00289269707661795 0.0037540288308873 0.00328078486171259;0.00233330827757888 0.00241927223872697 0.00294851231621236 0.00234884972243134 0.00259555002961909 0.0243807647864549 0.00305137168318533 0.00350117426491442 0.00253288823369983;0.00241976009895324 0.00264118474219777 0.00221444516019374 0.00221398548241192 0.00289269707661795 0.00305137168318533 0.0243783551754457 0.00291471044945892 0.00229951264626239;0.00354418083385933 0.00250333376452014 0.00385119832044115 0.00304281800976699 0.0037540288308873 0.00350117426491442 0.00291471044945892 0.026358744358518 0.00343363400971215;0.00263164954724498 0.00245940859104955 0.00298000197483682 0.00242207460353974 0.00328078486171259 0.00253288823369983 0.00229951264626239 0.00343363400971215 0.0249938207773207]intento: 20 tiempo: 0.02 [0.0242295887903436 0.00275232858810221 0.00234341257585427 0.00314436809954711 0.0034786809982824 0.002659945551645 0.00167745587847092 0.00272551737197995 0.00313106864530242;0.00275232858810221 0.0254384720991766 0.00259756471305948 0.00247178798460496 0.002998630061498 0.00332982718567402 0.00286266478590478 0.00217402758794128 0.00266737680552409;0.00234341257585427 0.00259756471305948 0.023505170095952 0.00299672987784648 0.00262137219885546 0.00275257494255393 0.00303516549587092 0.00283411451613867 0.00253832627639076;0.00314436809954711 0.00247178798460496 0.00299672987784648 0.0238029634472522 0.00354961311514689 0.00317966127951925 0.00249756155510976 0.00258060881701116 0.00327397726752162;0.0034786809982824 0.002998630061498 0.00262137219885546 0.00354961311514689 0.0253158744886028 0.00373110370199478 0.00237235987427514 0.00281632226441962 0.00321202505431767;0.002659945551645 0.00332982718567402 0.00275257494255393 0.00317966127951925 0.00373110370199478 0.0250952619531061 0.00246176586201794 0.0024274108340011 0.00310271733361385;0.00167745587847092 0.00286266478590478 0.00303516549587092 0.00249756155510976 0.00237235987427514 0.00246176586201794 0.0237232154092149 0.00202401102196036 0.00227807164349657;0.00272551737197995 0.00217402758794128 0.00283411451613867 0.00258060881701116 0.00281632226441962 0.0024274108340011 0.00202401102196036 0.0232711353496488 0.00256263417886238;0.00313106864530242 0.00266737680552409 0.00253832627639076 0.00327397726752162 0.00321202505431767 0.00310271733361385 0.00227807164349657 0.00256263417886238 0.0246213641524006]intento: 22 tiempo: 0.022 [0.0234817260304648 0.00323792608250126 0.00217470465849072 0.00278687156064131 0.00285706985990934 0.00310957903274291 0.00291798742502786 0.00275169289095987 0.00281835057459633;0.00323792608250126 0.0235451109844594 0.00263395420996358 0.00328327501770337 0.00307221601797684 0.0027191120806681 0.00277724142581945 0.00231537887417885 0.00204356024971268;0.00217470465849072 0.00263395420996358 0.0236238709356144 0.00234140817606775 0.00270835618684316 0.00306416902594963 0.00226134684222196 0.00209023144984528 0.00257645763041702;0.00278687156064131 0.00328327501770337 0.00234140817606775 0.0236477272523662 0.00270417304897212 0.00268774043322067 0.00245546665406432 0.00266793569463827 0.00229098611844418;0.00285706985990934 0.00307221601797684 0.00270835618684316 0.00270417304897212 0.0240893104171087 0.00278978797501336 0.00249031145112659 0.00234761847774116 0.00284531291534764;0.00310957903274291 0.0027191120806681 0.00306416902594963 0.00268774043322067 0.00278978797501336 0.0246329429369069 0.00261472145276718 0.00230055844981889 0.00258302230001059;0.00291798742502786 0.00277724142581945 0.00226134684222196 0.00245546665406432 0.00249031145112659 0.00261472145276718 0.0244498401322396 0.00224127322044196 0.00254633188715821;0.00275169289095987 0.00231537887417885 0.00209023144984528 0.00266793569463827 0.00234761847774116 0.00230055844981889 0.00224127322044196 0.0236985083735725 0.0023960676354896;0.00281835057459633 0.00204356024971268 0.00257645763041702 0.00229098611844418 0.00284531291534764 0.00258302230001059 0.00254633188715821 0.0023960676354896 0.0238377400571565]intento: 24 tiempo: 0.022 [0.0254972665338236 0.00247026696589008 0.00213225112860204 0.00215520002521961 0.00285670914194702 0.00256759445481425 0.00220786812858178 0.00226931471038269 0.00269840553821423;0.00247026696589008 0.0263654991604965 0.00266521179497951 0.00368782021433006 0.00312200588001052 0.00284376154674463 0.00306357800631777 0.00277488316639611 0.00363749583364584;0.00213225112860204 0.00266521179497951 0.0260992151404904 0.00367972106709973 0.00336606949687736 0.00293138465202035 0.00264477158568055 0.00283225872382087 0.0023889799300848;0.00215520002521961 0.00368782021433006 0.00367972106709973 0.0254584523360917 0.0032835870523829 0.00316308620372439 0.0032238359479244 0.00354566456412603 0.00300748175575964;0.00285670914194702 0.00312200588001052 0.00336606949687736 0.0032835870523829 0.0280788489262699 0.00281169086961154 0.00359673735372246 0.00245616255717346 0.0036129211469611;0.00256759445481425 0.00284376154674463 0.00293138465202035 0.00316308620372439 0.00281169086961154 0.0273622104240847 0.00329416115662023 0.00284367912457905 0.00330228084557367;0.00220786812858178 0.00306357800631777 0.00264477158568055 0.0032238359479244 0.00359673735372246 0.00329416115662023 0.0283634222368727 0.0041677114414739 0.00406496244599811;0.00226931471038269 0.00277488316639611 0.00283225872382087 0.00354566456412603 0.00245616255717346 0.00284367912457905 0.0041677114414739 0.0275554119347331 0.00377323308517796;0.00269840553821423 0.00363749583364584 0.0023889799300848 0.00300748175575964 0.0036129211469611 0.00330228084557367 0.00406496244599811 0.00377323308517796 0.0273581107763893]intento: 26 tiempo: 0.022 [0.0229877422978548 0.00209979075429291 0.00248455089472632 0.00245002202720663 0.00227387206149869 0.00259957537457676 0.00197170590942048 0.00246493802001298 0.00284781009261497;0.00209979075429291 0.0243506991501918 0.00266104208530139 0.00285660996211182 0.00261876070269529 0.00238526758303594 0.00186685778617745 0.00243220894783762 0.00275487544244069;0.00248455089472632 0.00266104208530139 0.02469965637319 0.00304093594726347 0.00271856795084253 0.00316863385959074 0.00253845827639835 0.00245166593488853 0.00276373898705287;0.00245002202720663 0.00285660996211182 0.00304093594726347 0.0235857000221295 0.00241761618924118 0.00312756496088268 0.00249251944597737 0.00247197022840325 0.00306923422341195;0.00227387206149869 0.00261876070269529 0.00271856795084253 0.00241761618924118 0.0241228506481067 0.00284573294047597 0.00257097073180746 0.00245377200815462 0.00262982739470347;0.00259957537457676 0.00238526758303594 0.00316863385959074 0.00312756496088268 0.00284573294047597 0.0245691426054614 0.00282657189251775 0.00291283971767266 0.00212976163180236;0.00197170590942048 0.00186685778617745 0.00253845827639835 0.00249251944597737 0.00257097073180746 0.00282657189251775 0.0235927374801657 0.0028439769964367 0.00253957124992431;0.00246493802001298 0.00243220894783762 0.00245166593488853 0.00247197022840325 0.00245377200815462 0.00291283971767266 0.0028439769964367 0.0242539640914309 0.00342519538633625;0.00284781009261497 0.00275487544244069 0.00276373898705287 0.00306923422341195 0.00262982739470347 0.00212976163180236 0.00253957124992431 0.00342519538633625 0.0239798049434916]intento: 28 tiempo: 0.025 [0.0247655595019385 0.00334300638813851 0.00210451727760993 0.00252256400779459 0.00253591799419284 0.00182448023692706 0.00294465143616041 0.00291975224934064 0.00259341497407191;0.00334300638813851 0.0253826936907338 0.00332611377635081 0.00286134880970366 0.00327666641031405 0.00259122510479536 0.00277490045123115 0.00318143999769432 0.00284348665358336;0.00210451727760993 0.00332611377635081 0.0240429181502155 0.00338798562317321 0.00323044629811531 0.00239092195744308 0.00248446409627909 0.00208293937072763 0.00236730457304802;0.00252256400779459 0.00286134880970366 0.00338798562317321 0.0257112559938502 0.00386304802962914 0.00239671617040799 0.00308433932570182 0.00357562243603893 0.00293450139279357;0.00253591799419284 0.00327666641031405 0.00323044629811531 0.00386304802962914 0.0252216209414142 0.00215092890470859 0.00312243554695558 0.00329946712808456 0.00287448352850178;0.00182448023692706 0.00259122510479536 0.00239092195744308 0.00239671617040799 0.00215092890470859 0.0230748866360054 0.00139926569265838 0.00181881084994501 0.00194887418649183;0.00294465143616041 0.00277490045123115 0.00248446409627909 0.00308433932570182 0.00312243554695558 0.00139926569265838 0.0232784577379549 0.00258210059047773 0.00183511240928714;0.00291975224934064 0.00318143999769432 0.00208293937072763 0.00357562243603893 0.00329946712808456 0.00181881084994501 0.00258210059047773 0.0247138783962519 0.00231506911605492;0.00259341497407191 0.00284348665358336 0.00236730457304802 0.00293450139279357 0.00287448352850178 0.00194887418649183 0.00183511240928714 0.00231506911605492 0.0239481855175582]intento: 30 tiempo: 0.021 [0.025753656379358 0.00309134020017085 0.00337994606421948 0.00311821706709869 0.00218347576902651 0.00342030162201369 0.00399136077315655 0.00310885135444408 0.00348618344521361;0.00309134020017085 0.0249579642705438 0.003135157697914 0.00265275430008338 0.00234474198919219 0.002043920109178 0.00363000206204775 0.00289208746981387 0.00265340638248167;0.00337994606421948 0.003135157697914 0.0244892716059091 0.00228063167158816 0.00194854437257253 0.00316510646838501 0.00311164981550757 0.0023031540125713 0.00240125458061382;0.00311821706709869 0.00265275430008338 0.00228063167158816 0.024201294940118 0.00166842163904072 0.00292893817431517 0.0031940010983198 0.00309698337140223 0.00222162994596075;0.00218347576902651 0.00234474198919219 0.00194854437257253 0.00166842163904072 0.0244736445257831 0.00228628930718829 0.00216259121987654 0.00227626481215379 0.00206292656149259;0.00342030162201369 0.002043920109178 0.00316510646838501 0.00292893817431517 0.00228628930718829 0.0243103452641517 0.00287304254841862 0.00303960698219448 0.00266776787212178;0.00399136077315655 0.00363000206204775 0.00311164981550757 0.0031940010983198 0.00216259121987654 0.00287304254841862 0.0259733079021884 0.00265780177151206 0.00364175697679645;0.00310885135444408 0.00289208746981387 0.0023031540125713 0.00309698337140223 0.00227626481215379 0.00303960698219448 0.00265780177151206 0.0239587984663258 0.00259847875219259;0.00348618344521361 0.00265340638248167 0.00240125458061382 0.00222162994596075 0.00206292656149259 0.00266776787212178 0.00364175697679645 0.00259847875219259 0.0240204464335618]intento: 32 tiempo: 0.021 [0.0240178880790858 0.00276838392305278 0.00312850453240516 0.00259001813596492 0.00305879058320531 0.002597431467839 0.00236630339897641 0.00204691184415436 0.00342433089466561;0.00276838392305278 0.0235810606087373 0.00328231017335105 0.00227993497377095 0.00270578562713008 0.002683975308544 0.00238754779916744 0.0026336606038652 0.00305267842051672;0.00312850453240516 0.00328231017335105 0.0244934872598351 0.00242937789077904 0.00301616392771681 0.00336521266130225 0.00340784279290129 0.0023773874173216 0.00278962610804551;0.00259001813596492 0.00227993497377095 0.00242937789077904 0.0239404687667908 0.00316638365088082 0.00207504609492816 0.0026187003234193 0.00226305745755641 0.00271115256095215;0.00305879058320531 0.00270578562713008 0.00301616392771681 0.00316638365088082 0.0242621195941364 0.00302252725037827 0.00277352445168505 0.00255489982602818 0.0030759712682298;0.002597431467839 0.002683975308544 0.00336521266130225 0.00207504609492816 0.00302252725037827 0.0235926423986066 0.00236250040034862 0.0024306876899022 0.00245849184855251;0.00236630339897641 0.00238754779916744 0.00340784279290129 0.0026187003234193 0.00277352445168505 0.00236250040034862 0.0251540392955531 0.00224588064241095 0.00268518516294387;0.00204691184415436 0.0026336606038652 0.0023773874173216 0.00226305745755641 0.00255489982602818 0.0024306876899022 0.00224588064241095 0.0252559119885749 0.00256022953811999;0.00342433089466561 0.00305267842051672 0.00278962610804551 0.00271115256095215 0.0030759712682298 0.00245849184855251 0.00268518516294387 0.00256022953811999 0.0238527423215746]intento: 34 tiempo: 0.022 [0.0277288388441037 0.00266245340542019 0.00303524582533944 0.00267476993921037 0.00347072801503356 0.00309413154721725 0.00362070991274599 0.00285335928076234 0.00358089503207253;0.00266245340542019 0.0260320241140913 0.00343092049873631 0.00197858939158663 0.00333144170019327 0.00284760111812666 0.00278698834064129 0.00257470658966345 0.00328130124996094;0.00303524582533944 0.00343092049873631 0.0275648026216671 0.00267741405783897 0.00437503874562261 0.00308267803291847 0.00365988728253631 0.00377321738269552 0.00350806407012531;0.00267476993921037 0.00197858939158663 0.00267741405783897 0.0260565835765257 0.00319696381627352 0.00223277719260514 0.00321772072842172 0.00240535658151925 0.00300064037624888;0.00347072801503356 0.00333144170019327 0.00437503874562261 0.00319696381627352 0.0277846368390419 0.0036515967223947 0.00462972413212153 0.00352002039181392 0.0050356855323186;0.00309413154721725 0.00284760111812666 0.00308267803291847 0.00223277719260514 0.0036515967223947 0.0272665205129116 0.00415803824618609 0.00268182386716275 0.00324060879136279;0.00362070991274599 0.00278698834064129 0.00365988728253631 0.00321772072842172 0.00462972413212153 0.00415803824618609 0.0273779731586525 0.00352654087284331 0.00316997813942884;0.00285335928076234 0.00257470658966345 0.00377321738269552 0.00240535658151925 0.00352002039181392 0.00268182386716275 0.00352654087284331 0.0281239137955017 0.00319050094683375;0.00358089503207253 0.00328130124996094 0.00350806407012531 0.00300064037624888 0.0050356855323186 0.00324060879136279 0.00316997813942884 0.00319050094683375 0.0291555421702305]intento: 36 tiempo: 0.021 [0.0259878186565942 0.00282104347071766 0.00344857010105145 0.0024649097486427 0.00225137003289665 0.00232674885462182 0.00300588464112769 0.0033872708316119 0.00286611500469877;0.00282104347071766 0.026765421393811 0.00395169542578366 0.00268711338587578 0.00301199278796143 0.00321361168288892 0.00339879074194707 0.00279977451581139 0.00294215138466745;0.00344857010105145 0.00395169542578366 0.0267045245992848 0.00234459283322893 0.00238541063998411 0.0027635966077801 0.00318383326555868 0.00290776012339411 0.0032933190385332;0.0024649097486427 0.00268711338587578 0.00234459283322893 0.0253070482021566 0.0019902563919327 0.00336520239127105 0.00362295945717904 0.00376731628578457 0.00423938349556163;0.00225137003289665 0.00301199278796143 0.00238541063998411 0.0019902563919327 0.0250626394574108 0.00213413776222752 0.0027139804974143 0.00233281253531079 0.00275206133698768;0.00232674885462182 0.00321361168288892 0.0027635966077801 0.00336520239127105 0.00213413776222752 0.0258268914687468 0.00307360961363359 0.00293778083983984 0.0039074407026694;0.00300588464112769 0.00339879074194707 0.00318383326555868 0.00362295945717904 0.0027139804974143 0.00307360961363359 0.0261730640113776 0.00397519902684368 0.0037706270645134;0.0033872708316119 0.00279977451581139 0.00290776012339411 0.00376731628578457 0.00233281253531079 0.00293778083983984 0.00397519902684368 0.0258196642078394 0.00393124078425988;0.00286611500469877 0.00294215138466745 0.0032933190385332 0.00423938349556163 0.00275206133698768 0.0039074407026694 0.0037706270645134 0.00393124078425988 0.0275267793120973]intento: 38 tiempo: 0.021 [0.0272629775880205 0.00284078668771069 0.00277371512110671 0.00356686073320069 0.00297899785443414 0.00330740897496025 0.00353823813517548 0.0029409780092077 0.00286652577317576;0.00284078668771069 0.0270739536917241 0.00342743046801181 0.00405215614296158 0.00283505794768797 0.00247883479573954 0.00229362544612725 0.00302407287462198 0.00398899801965369;0.00277371512110671 0.00342743046801181 0.0264037040355797 0.00301316477647904 0.00329225671841675 0.00326001589218014 0.00293813548598194 0.00286248208643402 0.00419042478226125;0.00356686073320069 0.00405215614296158 0.00301316477647904 0.0268386147507861 0.00297977945493952 0.00269569108678089 0.00266871842402172 0.00287804929326149 0.00379716873872291;0.00297899785443414 0.00283505794768797 0.00329225671841675 0.00297977945493952 0.0259207971848656 0.00346084621913462 0.00304675357247595 0.00270056405178254 0.00310882920770933;0.00330740897496025 0.00247883479573954 0.00326001589218014 0.00269569108678089 0.00346084621913462 0.0279331445510467 0.00301127174328874 0.00317350778455121 0.00261781607074186;0.00353823813517548 0.00229362544612725 0.00293813548598194 0.00266871842402172 0.00304675357247595 0.00301127174328874 0.0263706630987027 0.00206566658406038 0.00311492302832665;0.0029409780092077 0.00302407287462198 0.00286248208643402 0.00287804929326149 0.00270056405178254 0.00317350778455121 0.00206566658406038 0.0275346955961216 0.00255941767425557;0.00286652577317576 0.00398899801965369 0.00419042478226125 0.00379716873872291 0.00310882920770933 0.00261781607074186 0.00311492302832665 0.00255941767425557 0.026455204800665]intento: 40 tiempo: 0.021 [0.027554170948013 0.00275312210082121 0.0028963333625809 0.00277566014916038 0.00223073057097357 0.00355807179464273 0.00292782727724055 0.00257641371036964 0.00311462683541447;0.00275312210082121 0.0264732598750879 0.00260273695813924 0.00255392045369825 0.00279430895189476 0.00273056744585525 0.00359515007369815 0.00256819898234895 0.00354586781223116;0.0028963333625809 0.00260273695813924 0.0278701098697737 0.00323808390617345 0.00312959094718277 0.00390540586457776 0.0033422930462803 0.003673967595521 0.00364246691141942;0.00277566014916038 0.00255392045369825 0.00323808390617345 0.0255092643789472 0.00230653085816355 0.00276640973289508 0.00209839139390886 0.00251299062537075 0.00328335401988403;0.00223073057097357 0.00279430895189476 0.00312959094718277 0.00230653085816355 0.0267361597853208 0.00257035530241452 0.00339745389280355 0.00240414587497453 0.00240684408989592;0.00355807179464273 0.00273056744585525 0.00390540586457776 0.00276640973289508 0.00257035530241452 0.0272507123232507 0.0034032459681088 0.00267916841786607 0.00268128774797456;0.00292782727724055 0.00359515007369815 0.0033422930462803 0.00209839139390886 0.00339745389280355 0.0034032459681088 0.0272909429003681 0.00290125780198594 0.00350568709508691;0.00257641371036964 0.00256819898234895 0.003673967595521 0.00251299062537075 0.00240414587497453 0.00267916841786607 0.00290125780198594 0.0257763086031628 0.00316050546169425;0.00311462683541447 0.00354586781223116 0.00364246691141942 0.00328335401988403 0.00240684408989592 0.00268128774797456 0.00350568709508691 0.00316050546169425 0.0278199035016032]intento: 42 tiempo: 0.021 [0.0227048616883411 0.00247046725235265 0.00269608986599148 0.00216001453398583 0.00242485441261815 0.00284002255542596 0.00214650452565962 0.00243381668513153 0.00212724920112531;0.00247046725235265 0.0230824219721268 0.0029988295697201 0.00257670547960719 0.00291310509096068 0.00267117685877083 0.00235624908554782 0.00274127887897278 0.00233941175893465;0.00269608986599148 0.0029988295697201 0.0240034974990374 0.00269430886076956 0.00287308423437223 0.00331184153136715 0.00264811023656147 0.00270175835952442 0.00266759445815977;0.00216001453398583 0.00257670547960719 0.00269430886076956 0.0241826926962734 0.00287731219004546 0.00347153788974259 0.00307498151570751 0.00287238034997874 0.00244894519876463;0.00242485441261815 0.00291310509096068 0.00287308423437223 0.00287731219004546 0.0231847654707549 0.00241287388103041 0.00299003049320762 0.00259218434667701 0.00258349710452707;0.00284002255542596 0.00267117685877083 0.00331184153136715 0.00347153788974259 0.00241287388103041 0.0238994806134642 0.00318428413886642 0.00331526629822272 0.00266750166183034;0.00214650452565962 0.00235624908554782 0.00264811023656147 0.00307498151570751 0.00299003049320762 0.00318428413886642 0.0244778490704928 0.00265686259412232 0.00270178171404239;0.00243381668513153 0.00274127887897278 0.00270175835952442 0.00287238034997874 0.00259218434667701 0.00331526629822272 0.00265686259412232 0.0231825824964333 0.00259788395137175;0.00212724920112531 0.00233941175893465 0.00266759445815977 0.00244894519876463 0.00258349710452707 0.00266750166183034 0.00270178171404239 0.00259788395137175 0.0234260237849267]intento: 44 tiempo: 0.02 [0.0255441085395045 0.00203976978476349 0.00261047769664724 0.00369489939159566 0.00261142252451152 0.00218738965663029 0.00292407470095619 0.00274281141404541 0.00249663592238834;0.00203976978476349 0.0263962048807794 0.00320867579063136 0.00251388780356094 0.00324625999189543 0.00291124752408106 0.0031097545454933 0.00367100537185454 0.00202490053023059;0.00261047769664724 0.00320867579063136 0.025973203356202 0.00354649976731359 0.00324284048192666 0.00385285496479667 0.00303747423162302 0.00306453486269935 0.00311729106516297;0.00369489939159566 0.00251388780356094 0.00354649976731359 0.0261000825828087 0.00283508638337516 0.00353486338649779 0.00356469670940705 0.00302867377523606 0.00305864195011875;0.00261142252451152 0.00324625999189543 0.00324284048192666 0.00283508638337516 0.0263887696911023 0.00301870632916009 0.0028892987651945 0.0039896445132239 0.00217057138621498;0.00218738965663029 0.00291124752408106 0.00385285496479667 0.00353486338649779 0.00301870632916009 0.025903419518943 0.00345870788866271 0.00254822490866302 0.00241171579219716;0.00292407470095619 0.0031097545454933 0.00303747423162302 0.00356469670940705 0.0028892987651945 0.00345870788866271 0.0278035261945467 0.0046014803002545 0.00348857572527882;0.00274281141404541 0.00367100537185454 0.00306453486269935 0.00302867377523606 0.0039896445132239 0.00254822490866302 0.0046014803002545 0.02810088888248 0.00271403371464466;0.00249663592238834 0.00202490053023059 0.00311729106516297 0.00305864195011875 0.00217057138621498 0.00241171579219716 0.00348857572527882 0.00271403371464466 0.0264218011179404]intento: 46 tiempo: 0.024 [0.0247415750200084 0.00306855680509093 0.00286084797270102 0.00186351909211481 0.00298927956282033 0.00346204575862737 0.00184428546077646 0.00327236553565283 0.00271878939019517;0.00306855680509093 0.0255082488322713 0.0031668171226792 0.00229425173240678 0.00344256569740889 0.00359731368990741 0.00284117470608094 0.00397603121374411 0.00319534863862758;0.00286084797270102 0.0031668171226792 0.0258734488419195 0.0019155231736165 0.00234272008369074 0.00318345158276249 0.00233734633161825 0.00332229133704959 0.0035695863518047;0.00186351909211481 0.00229425173240678 0.0019155231736165 0.0243739556463629 0.0023568861820271 0.00234549944159241 0.00215800665780716 0.00205945436482262 0.00237163849494081;0.00298927956282033 0.00344256569740889 0.00234272008369074 0.0023568861820271 0.0253028456960555 0.00303066584175783 0.00219629340113167 0.00194395599086186 0.00238206775904023;0.00346204575862737 0.00359731368990741 0.00318345158276249 0.00234549944159241 0.00303066584175783 0.0263918123439475 0.00216921667732448 0.00363740159147062 0.00316216841355993;0.00184428546077646 0.00284117470608094 0.00233734633161825 0.00215800665780716 0.00219629340113167 0.00216921667732448 0.0237144432074896 0.0035082333834535 0.00257001808859375;0.00327236553565283 0.00397603121374411 0.00332229133704959 0.00205945436482262 0.00194395599086186 0.00363740159147062 0.0035082333834535 0.0258543825998564 0.002989562677873;0.00271878939019517 0.00319534863862758 0.0035695863518047 0.00237163849494081 0.00238206775904023 0.00316216841355993 0.00257001808859375 0.002989562677873 0.0260284399322985]intento: 48 tiempo: 0.022 [0.024506682162357 0.00319263057660758 0.00219393525054079 0.00250880477901404 0.00241839494987428 0.0025881661417604 0.00315111493370721 0.00201849426265183 0.00320609506598534;0.00319263057660758 0.0239911218369505 0.00305233089744876 0.00310446550922476 0.00308430570525047 0.00324294943951449 0.00296001062652358 0.00239036112807792 0.00287118517285377;0.00219393525054079 0.00305233089744876 0.024122353058987 0.00232558555168378 0.00278891836402581 0.00284671222757867 0.00336870060382018 0.00245234897071708 0.00291205979201995;0.00250880477901404 0.00310446550922476 0.00232558555168378 0.0240277986806557 0.0023637053384102 0.00269213298167778 0.00265183993589977 0.00265295254154295 0.00287642920623452;0.00241839494987428 0.00308430570525047 0.00278891836402581 0.0023637053384102 0.0252225494445575 0.00336351822474089 0.00358065578800856 0.00242097961785452 0.0029304506257;0.0025881661417604 0.00324294943951449 0.00284671222757867 0.00269213298167778 0.00336351822474089 0.0242662912597651 0.00306427152785829 0.00268585765919026 0.00288202194567215;0.00315111493370721 0.00296001062652358 0.00336870060382018 0.00265183993589977 0.00358065578800856 0.00306427152785829 0.0246413564199901 0.00290844253517245 0.00323786992941094;0.00201849426265183 0.00239036112807792 0.00245234897071708 0.00265295254154295 0.00242097961785452 0.00268585765919026 0.00290844253517245 0.0232443143459835 0.00287619126875359;0.00320609506598534 0.00287118517285377 0.00291205979201995 0.00287642920623452 0.0029304506257 0.00288202194567215 0.00323786992941094 0.00287619126875359 0.0249311233867068]intento: 50 tiempo: 0.02 [0.0254615724800616 0.00264515773196958 0.00329027734688057 0.00310255630135785 0.00262780687018776 0.00282998818161904 0.00333483252417346 0.00369412127071231 0.00318387488023514;0.00264515773196958 0.02519070230417 0.00284688251405928 0.00245457259951203 0.0030630106707813 0.00272263660549083 0.00266714457171787 0.00296594208093818 0.00256466672120253;0.00329027734688057 0.00284688251405928 0.0257229410965783 0.00228799863342194 0.00278099865934403 0.00208595241545318 0.00282893741304736 0.00352348964013624 0.00281698526249399;0.00310255630135785 0.00245457259951203 0.00228799863342194 0.0254755414521441 0.00234608880058834 0.00230823158684134 0.00272874430501829 0.00325866422276112 0.00305518746708718;0.00262780687018776 0.0030630106707813 0.00278099865934403 0.00234608880058834 0.02558942240731 0.00177550106988753 0.00254801206122024 0.003352646831705 0.00234452729