intento: 2 tiempo: 0.025 [0.0249783286562866 0.00281807433223197 0.00275790734825858 0.00262276960932776 0.00245155579977447 0.00277209791661634 0.0031181975087349 0.00208526077129068 0.00299978472033053;0.00281807433223197 0.0259005467597225 0.00241412988478412 0.00281501967718701 0.00285106241402787 0.00334563262479373 0.00279617028243751 0.00269728757464294 0.00257111038045928;0.00275790734825858 0.00241412988478412 0.0241526966400105 0.00222174297416324 0.00325429869316323 0.00323406640837233 0.0022847190639481 0.00242699400808131 0.00303752063200713;0.00262276960932776 0.00281501967718701 0.00222174297416324 0.0248275661820402 0.00205787536770552 0.00177676576401961 0.00268679650114349 0.00240015196932641 0.00213442397880648;0.00245155579977447 0.00285106241402787 0.00325429869316323 0.00205787536770552 0.0246545094875225 0.0039705569336639 0.00309942756903019 0.00361478198089323 0.00240527402151306;0.00277209791661634 0.00334563262479373 0.00323406640837233 0.00177676576401961 0.0039705569336639 0.0260241909461995 0.00327315606565472 0.00323686214025087 0.00268174307270079;0.0031181975087349 0.00279617028243751 0.0022847190639481 0.00268679650114349 0.00309942756903019 0.00327315606565472 0.025772292435614 0.00291382914721425 0.00301391538569298;0.00208526077129068 0.00269728757464294 0.00242699400808131 0.00240015196932641 0.00361478198089323 0.00323686214025087 0.00291382914721425 0.0255584141803136 0.00299585878780689;0.00299978472033053 0.00257111038045928 0.00303752063200713 0.00213442397880648 0.00240527402151306 0.00268174307270079 0.00301391538569298 0.00299585878780689 0.0239103275665917]intento: 4 tiempo: 0.02 [0.024673285948944 0.00319799400861165 0.00304391179677597 0.00221678043413593 0.0031581733140704 0.00270640874016724 0.00268652199090312 0.00297930300975546 0.00199998887497486;0.00319799400861165 0.0243412484511891 0.00256617560735725 0.00281243724439431 0.00315461109026422 0.00226920102482554 0.0030893529939822 0.00267586163783326 0.00244641950407487;0.00304391179677597 0.00256617560735725 0.0248352943548603 0.00230731981523377 0.00321485434330499 0.00223147276465018 0.00286946867510064 0.00354717622452989 0.00238435915415089;0.00221678043413593 0.00281243724439431 0.00230731981523377 0.0236219536758274 0.00232250583661789 0.00211602879156845 0.00252702595978291 0.00231560575105957 0.00200378566773513;0.0031581733140704 0.00315461109026422 0.00321485434330499 0.00232250583661789 0.0248218340440886 0.00249021369455681 0.00275677166617563 0.00284502560162719 0.00288383141206524;0.00270640874016724 0.00226920102482554 0.00223147276465018 0.00211602879156845 0.00249021369455681 0.0230895764434426 0.00167797756871463 0.00287971623848228 0.00206548277257196;0.00268652199090312 0.0030893529939822 0.00286946867510064 0.00252702595978291 0.00275677166617563 0.00167797756871463 0.0234448035983414 0.00232623380398854 0.00260787063063017;0.00297930300975546 0.00267586163783326 0.00354717622452989 0.00231560575105957 0.00284502560162719 0.00287971623848228 0.00232623380398854 0.0251324699428687 0.00306748619482666;0.00199998887497486 0.00244641950407487 0.00238435915415089 0.00200378566773513 0.00288383141206524 0.00206548277257196 0.00260787063063017 0.00306748619482666 0.02331482603607]intento: 6 tiempo: 0.021 [0.0221471694783502 0.00267397160136812 0.00259093322819051 0.00221316338499968 0.00196442949089062 0.00228087950921035 0.00295287752445232 0.00204078077627876 0.0019697322629437;0.00267397160136812 0.0231730853136464 0.00253379454541221 0.00237960218828513 0.00211448030617965 0.00264450158036946 0.00279819796706589 0.00242671513484724 0.00254717303060514;0.00259093322819051 0.00253379454541221 0.0218083374569073 0.00188701417717675 0.00192069104551935 0.0022859191890195 0.00299116467701909 0.00238570390016029 0.00229080609146507;0.00221316338499968 0.00237960218828513 0.00188701417717675 0.0224231241538524 0.00181914693205863 0.00239763498943097 0.0029256011259607 0.00266783825771269 0.00245769514049678;0.00196442949089062 0.00211448030617965 0.00192069104551935 0.00181914693205863 0.0219495926050952 0.0022357802218112 0.00283515111171112 0.00181463705163153 0.00203389197651774;0.00228087950921035 0.00264450158036946 0.0022859191890195 0.00239763498943097 0.0022357802218112 0.0222520313820212 0.00262314325188124 0.00200863219082421 0.00274229148706482;0.00295287752445232 0.00279819796706589 0.00299116467701909 0.0029256011259607 0.00283515111171112 0.00262314325188124 0.0231784668692185 0.00293547845980257 0.00320889404309923;0.00204078077627876 0.00242671513484724 0.00238570390016029 0.00266783825771269 0.00181463705163153 0.00200863219082421 0.00293547845980257 0.0211800828063257 0.00208469368584488;0.0019697322629437 0.00254717303060514 0.00229080609146507 0.00245769514049678 0.00203389197651774 0.00274229148706482 0.00320889404309923 0.00208469368584488 0.0223829100523368]intento: 8 tiempo: 0.02 [0.0248254879533672 0.00286856525994442 0.00276278797706523 0.0038010376874793 0.00292615246145497 0.00373743226763105 0.00304562971880063 0.00311304974654448 0.00281699356747386;0.00286856525994442 0.0253774156572544 0.00289456885715697 0.00256925053478251 0.00272977525143745 0.00227878815128196 0.00295439155756145 0.00269904259674468 0.0023483874780676;0.00276278797706523 0.00289456885715697 0.0247939872827352 0.00226157357093031 0.00311067314555361 0.00312457832431974 0.0024586084836427 0.00302683626759165 0.00250461460078717;0.0038010376874793 0.00256925053478251 0.00226157357093031 0.0243921087491549 0.00247047299110221 0.0030706238747064 0.00326406587419182 0.003036763239703 0.00267236830132841;0.00292615246145497 0.00272977525143745 0.00311067314555361 0.00247047299110221 0.0257959180553613 0.00408546082285177 0.00274947164451551 0.0027729264011212 0.00315430127926115;0.00373743226763105 0.00227878815128196 0.00312457832431974 0.0030706238747064 0.00408546082285177 0.0253583071529047 0.00217278707227126 0.00303949593488481 0.00270187684157319;0.00304562971880063 0.00295439155756145 0.0024586084836427 0.00326406587419182 0.00274947164451551 0.00217278707227126 0.0253877859536756 0.00277540339380006 0.00282353839554413;0.00311304974654448 0.00269904259674468 0.00302683626759165 0.003036763239703 0.0027729264011212 0.00303949593488481 0.00277540339380006 0.0255807980429145 0.00318805802204459;0.00281699356747386 0.0023483874780676 0.00250461460078717 0.00267236830132841 0.00315430127926115 0.00270187684157319 0.00282353839554413 0.00318805802204459 0.0250245697759866]intento: 10 tiempo: 0.021 [0.0252646053843087 0.00278572556611332 0.00311579274230404 0.00295548209673197 0.00274425612418948 0.00316768739533479 0.00350765966214294 0.00274258391979124 0.00353677093978364;0.00278572556611332 0.0260155734665161 0.00210876195051658 0.0027049830130328 0.0022833047613244 0.00358882079251255 0.00353378914578792 0.00257345495741624 0.00345448817811957;0.00311579274230404 0.00210876195051658 0.0244342363480164 0.00250110076099856 0.00173713140994892 0.00166757465702497 0.00236205766716178 0.00279740516182095 0.00245635780695505;0.00295548209673197 0.0027049830130328 0.00250110076099856 0.0245319505808407 0.00194803706827776 0.00235551391068568 0.00274978761838971 0.00188922637461172 0.00363668472433807;0.00274425612418948 0.0022833047613244 0.00173713140994892 0.00194803706827776 0.0245159550488665 0.00325895626288729 0.00240025695118323 0.00244599752702338 0.00288049249386269;0.00316768739533479 0.00358882079251255 0.00166757465702497 0.00235551391068568 0.00325895626288729 0.0246457220624531 0.00301256181051754 0.00262402722432103 0.00348954862084915;0.00350765966214294 0.00353378914578792 0.00236205766716178 0.00274978761838971 0.00240025695118323 0.00301256181051754 0.0240442771578265 0.00258445713664442 0.00350605625833772;0.00274258391979124 0.00257345495741624 0.00279740516182095 0.00188922637461172 0.00244599752702338 0.00262402722432103 0.00258445713664442 0.0243847749366439 0.00209718173338057;0.00353677093978364 0.00345448817811957 0.00245635780695505 0.00363668472433807 0.00288049249386269 0.00348954862084915 0.00350605625833772 0.00209718173338057 0.0248672869093341]intento: 12 tiempo: 0.021 [0.0237270087395384 0.00248897070464503 0.00251412963962102 0.00307212327703725 0.00188629100545483 0.00242819798879562 0.00299208107538736 0.00215534403811312 0.00200034259022695;0.00248897070464503 0.0246084368484327 0.00214141350063403 0.00324061635392064 0.00330884287598077 0.00308911713894134 0.00323261900539498 0.00192678723274042 0.00321132936179526;0.00251412963962102 0.00214141350063403 0.0241121565339746 0.00280518128454411 0.00228520717336331 0.00254008335216249 0.00269320937991384 0.00174750039311181 0.00230365524158946;0.00307212327703725 0.00324061635392064 0.00280518128454411 0.0258939816523502 0.00375983696194057 0.00339523997033636 0.00311700617623695 0.00285639639105604 0.00272252458111972;0.00188629100545483 0.00330884287598077 0.00228520717336331 0.00375983696194057 0.0249084576327547 0.00371720810241514 0.00228464727018813 0.0021140295295442 0.00330789916130225;0.00242819798879562 0.00308911713894134 0.00254008335216249 0.00339523997033636 0.00371720810241514 0.0244025799997436 0.0026591479417234 0.00225577557579114 0.00273729058907224;0.00299208107538736 0.00323261900539498 0.00269320937991384 0.00311700617623695 0.00228464727018813 0.0026591479417234 0.0251249620473932 0.00244319794092286 0.00279130865047949;0.00215534403811312 0.00192678723274042 0.00174750039311181 0.00285639639105604 0.0021140295295442 0.00225577557579114 0.00244319794092286 0.0235348333741303 0.00221123110922649;0.00200034259022695 0.00321132936179526 0.00230365524158946 0.00272252458111972 0.00330789916130225 0.00273729058907224 0.00279130865047949 0.00221123110922649 0.0244683447855048]intento: 14 tiempo: 0.021 [0.0275234213884717 0.00290396235168411 0.00448886374433818 0.00419982782151148 0.00318778902408441 0.00408204972376322 0.00335845730402634 0.00366133940109989 0.00396686271366218;0.00290396235168411 0.0250975076631429 0.0038729688546589 0.00227826729575852 0.0015372176206648 0.00235225206624352 0.00294687111164454 0.00240606984449324 0.002677410796203;0.00448886374433818 0.0038729688546589 0.0283512843699535 0.00376257742994659 0.00287744237794341 0.00267847712446677 0.00313251829059515 0.00273983718472972 0.00266238717699899;0.00419982782151148 0.00227826729575852 0.00376257742994659 0.02791008909087 0.00364782665314235 0.00342680131782909 0.00294074830057746 0.0026583282138578 0.00385996166117757;0.00318778902408441 0.0015372176206648 0.00287744237794341 0.00364782665314235 0.0259588374170481 0.002878644810591 0.00209120995616461 0.00226077798824262 0.00292164363935811;0.00408204972376322 0.00235225206624352 0.00267847712446677 0.00342680131782909 0.002878644810591 0.0267667018952974 0.00366877873576161 0.00303429072683573 0.00289876456581676;0.00335845730402634 0.00294687111164454 0.00313251829059515 0.00294074830057746 0.00209120995616461 0.00366877873576161 0.0265278824848759 0.00285859683414946 0.00282743537863637;0.00366133940109989 0.00240606984449324 0.00273983718472972 0.0026583282138578 0.00226077798824262 0.00303429072683573 0.00285859683414946 0.0258026443225994 0.00325751415149908;0.00396686271366218 0.002677410796203 0.00266238717699899 0.00385996166117757 0.00292164363935811 0.00289876456581676 0.00282743537863637 0.00325751415149908 0.0265541662340032]intento: 16 tiempo: 0.02 [0.0251552873112315 0.00326773332037727 0.0021057138795909 0.00247601177475546 0.0031368759492216 0.00260437026902827 0.00232722221758895 0.00280331190566569 0.00258609569285147;0.00326773332037727 0.024472148360725 0.00377576286677152 0.00275454186895668 0.00324590622758019 0.00243926709844024 0.00309020456030596 0.00239994888356635 0.00315264575591925;0.0021057138795909 0.00377576286677152 0.0253601726031505 0.00234138951232658 0.00278879662296786 0.00306404714374928 0.00310866447237915 0.00280886271241238 0.00304490503864605;0.00247601177475546 0.00275454186895668 0.00234138951232658 0.0242592579382376 0.00258370492131556 0.00273807515335119 0.00220439650091741 0.0024247583607909 0.00270156966341277;0.0031368759492216 0.00324590622758019 0.00278879662296786 0.00258370492131556 0.0247098106838932 0.00219310128286088 0.00275165678302468 0.00229111036460952 0.00268709121118019;0.00260437026902827 0.00243926709844024 0.00306404714374928 0.00273807515335119 0.00219310128286088 0.0238040594988669 0.00250856774681611 0.00229013724052103 0.0020614058844766;0.00232722221758895 0.00309020456030596 0.00310866447237915 0.00220439650091741 0.00275165678302468 0.00250856774681611 0.024060492612413 0.00252413630088897 0.00240041705624544;0.00280331190566569 0.00239994888356635 0.00280886271241238 0.0024247583607909 0.00229111036460952 0.00229013724052103 0.00252413630088897 0.0236201136637677 0.00257094081259893;0.00258609569285147 0.00315264575591925 0.00304490503864605 0.00270156966341277 0.00268709121118019 0.0020614058844766 0.00240041705624544 0.00257094081259893 0.0240642722488282]intento: 18 tiempo: 0.021 [0.0257333146023052 0.00283683492636267 0.00348067378785107 0.00353861419433323 0.00290427467261418 0.00259151900102197 0.00379668988468525 0.00261404835499097 0.00342912488638986;0.00283683492636267 0.0257968607533577 0.0035005789119392 0.00287100414306891 0.00320336284091806 0.00260536275990568 0.00242488411306662 0.00258636774865235 0.00351165815151742;0.00348067378785107 0.0035005789119392 0.0263456879776573 0.00302871957892126 0.00302784749250466 0.00304136392375796 0.00268606041948414 0.00300278918524312 0.00382770945860014;0.00353861419433323 0.00287100414306891 0.00302871957892126 0.0261459078436603 0.00236844281186409 0.00251926939660379 0.00295269663391135 0.0029343589214312 0.00362047319055414;0.00290427467261418 0.00320336284091806 0.00302784749250466 0.00236844281186409 0.0259956142732162 0.00301411823951584 0.00190253611661442 0.00215542032986626 0.00392677448760303;0.00259151900102197 0.00260536275990568 0.00304136392375796 0.00251926939660379 0.00301411823951584 0.025887003914616 0.00264049832885164 0.00262814332634229 0.0029223447533356;0.00379668988468525 0.00242488411306662 0.00268606041948414 0.00295269663391135 0.00190253611661442 0.00264049832885164 0.0248258317907149 0.00282727321093781 0.00277213184671496;0.00261404835499097 0.00258636774865235 0.00300278918524312 0.0029343589214312 0.00215542032986626 0.00262814332634229 0.00282727321093781 0.0250724258485518 0.0029542515786443;0.00342912488638986 0.00351165815151742 0.00382770945860014 0.00362047319055414 0.00392677448760303 0.0029223447533356 0.00277213184671496 0.0029542515786443 0.0260748672311714]intento: 20 tiempo: 0.02 [0.0221947971254352 0.00226954259687731 0.00296780725893361 0.00250427197215043 0.00186817783985439 0.00236546069705888 0.00208610580840241 0.00170754109313687 0.00223128843192848;0.00226954259687731 0.0223035170831845 0.0022329110765708 0.00162483517803894 0.00208955561557504 0.00295731946683263 0.00185173443035213 0.00203250074825358 0.00229477053384183;0.00296780725893361 0.0022329110765708 0.0227520471782005 0.00242273228340082 0.0021931086686117 0.00321869269264524 0.00250395775571851 0.00211174679802612 0.00247153525572873;0.00250427197215043 0.00162483517803894 0.00242273228340082 0.022677757563909 0.00236420589566433 0.00284658018495987 0.00207678415579329 0.00248056590174531 0.00254651958154959;0.00186817783985439 0.00208955561557504 0.0021931086686117 0.00236420589566433 0.0210849686364826 0.0021475041352504 0.00193586368862319 0.00186967536452835 0.00265663030691585;0.00236546069705888 0.00295731946683263 0.00321869269264524 0.00284658018495987 0.0021475041352504 0.0227920880406582 0.00218087557025305 0.00274915632551691 0.00277162375523525;0.00208610580840241 0.00185173443035213 0.00250395775571851 0.00207678415579329 0.00193586368862319 0.00218087557025305 0.0212856079666323 0.00208592212520113 0.0020042927486923;0.00170754109313687 0.00203250074825358 0.00211174679802612 0.00248056590174531 0.00186967536452835 0.00274915632551691 0.00208592212520113 0.0219034107970003 0.00226923779633712;0.00223128843192848 0.00229477053384183 0.00247153525572873 0.00254651958154959 0.00265663030691585 0.00277162375523525 0.0020042927486923 0.00226923779633712 0.0225246007981476]intento: 22 tiempo: 0.02 [0.0244662514968294 0.00260251193953275 0.00214220652781556 0.00344687719874055 0.00241528625458732 0.0030122403769482 0.00257575114649428 0.00268765265302173 0.00304855395979592;0.00260251193953275 0.0246929580356691 0.00292897115365932 0.00260299231256263 0.00290845193464563 0.00232431585362164 0.00274169769190092 0.00284046550508398 0.00187414855017668;0.00214220652781556 0.00292897115365932 0.0246499888134042 0.00246348789266657 0.00349617228819505 0.00321068384334099 0.0028574678399104 0.00316091032559602 0.00229938718146293;0.00344687719874055 0.00260299231256263 0.00246348789266657 0.0246803362153056 0.00249187125081672 0.00295458946626982 0.00326000286211871 0.00326207253327448 0.00279554163853838;0.00241528625458732 0.00290845193464563 0.00349617228819505 0.00249187125081672 0.0246039414660343 0.00223579410350626 0.00248196170648824 0.00296406108996963 0.00224668132111903;0.0030122403769482 0.00232431585362164 0.00321068384334099 0.00295458946626982 0.00223579410350626 0.0234231624351647 0.002618831800647 0.00217937934706104 0.00216111182285941;0.00257575114649428 0.00274169769190092 0.0028574678399104 0.00326000286211871 0.00248196170648824 0.002618831800647 0.0240350226721766 0.00217644199099958 0.00200249192272412;0.00268765265302173 0.00284046550508398 0.00316091032559602 0.00326207253327448 0.00296406108996963 0.00217937934706104 0.00217644199099958 0.0235894931029077 0.00208059877523271;0.00304855395979592 0.00187414855017668 0.00229938718146293 0.00279554163853838 0.00224668132111903 0.00216111182285941 0.00200249192272412 0.00208059877523271 0.0234337208696169]intento: 24 tiempo: 0.02 [0.0225452323060433 0.0020243254719326 0.00218168850174558 0.00244470451205008 0.00256048442127682 0.00271687771138407 0.00195289577765958 0.00215384562204115 0.00255859817653847;0.0020243254719326 0.0229275988993451 0.00295119389638013 0.00232342066389239 0.00183635465639701 0.0032361435650901 0.00227828969880977 0.00233265346482377 0.00250495158540969;0.00218168850174558 0.00295119389638013 0.0227695301805966 0.00272157292884256 0.00270133966522754 0.00273801259798003 0.00251659510448698 0.002567559127768 0.00245264737283752;0.00244470451205008 0.00232342066389239 0.00272157292884256 0.0221964197087933 0.00223815544585568 0.00308700815928351 0.0019209653893863 0.00231917670387961 0.00228725425495759;0.00256048442127682 0.00183635465639701 0.00270133966522754 0.00223815544585568 0.021805882905036 0.00242528052668149 0.00165720230665799 0.00224660834341093 0.0019576254755491;0.00271687771138407 0.0032361435650901 0.00273801259798003 0.00308700815928351 0.00242528052668149 0.0229780406623939 0.0028271683166314 0.00231288892921104 0.00285595042941039;0.00195289577765958 0.00227828969880977 0.00251659510448698 0.0019209653893863 0.00165720230665799 0.0028271683166314 0.0226242100156169 0.00181568184722676 0.00238268807351974;0.00215384562204115 0.00233265346482377 0.002567559127768 0.00231917670387961 0.00224660834341093 0.00231288892921104 0.00181568184722676 0.0215816769614124 0.00251362425511271;0.00255859817653847 0.00250495158540969 0.00245264737283752 0.00228725425495759 0.0019576254755491 0.00285595042941039 0.00238268807351974 0.00251362425511271 0.0215135628528828]intento: 26 tiempo: 0.02 [0.0267898601782663 0.00350873977770323 0.00331871616203784 0.00207082197747985 0.00270547245897392 0.00291010045979353 0.00233821267113862 0.00285860262928364 0.00327555525275187;0.00350873977770323 0.026651792995859 0.00396592378412981 0.00253098875987623 0.00317498078097799 0.00278950814303264 0.00375701600008087 0.00301320805941532 0.00328374857646615;0.00331871616203784 0.00396592378412981 0.0259221744277781 0.00266049879242832 0.0027402571579499 0.00331071380183137 0.00254996795364563 0.00332930193060363 0.00287755281784607;0.00207082197747985 0.00253098875987623 0.00266049879242832 0.0250296467231717 0.00208126688969478 0.00290609698874385 0.00189151286792326 0.00287605230904757 0.00303255184125034;0.00270547245897392 0.00317498078097799 0.0027402571579499 0.00208126688969478 0.0273102521624339 0.00312826013561835 0.00329588237257961 0.00388934634609169 0.00394320658254442;0.00291010045979353 0.00278950814303264 0.00331071380183137 0.00290609698874385 0.00312826013561835 0.0281320642631199 0.00260905538025251 0.00325687534926081 0.00404866996199325;0.00233821267113862 0.00375701600008087 0.00254996795364563 0.00189151286792326 0.00329588237257961 0.00260905538025251 0.0266647120820928 0.00396911140091399 0.0031862724962476;0.00285860262928364 0.00301320805941532 0.00332930193060363 0.00287605230904757 0.00388934634609169 0.00325687534926081 0.00396911140091399 0.027235690320171 0.00312756484348523;0.00327555525275187 0.00328374857646615 0.00287755281784607 0.00303255184125034 0.00394320658254442 0.00404866996199325 0.0031862724962476 0.00312756484348523 0.0275258391864915]intento: 28 tiempo: 0.022 [0.0255219652510527 0.00209489167419903 0.00339506530995363 0.00334498874900256 0.00268576944170323 0.00343512000928947 0.00260639645234865 0.00342122547266459 0.00310402158589108;0.00209489167419903 0.0244549938838293 0.00276332361934264 0.0026860214748594 0.00313279157961837 0.00250515177856662 0.00286223703397223 0.00330415791492593 0.00271930746559768;0.00339506530995363 0.00276332361934264 0.0246900677711046 0.00201859765146887 0.00269046103869142 0.00294085858909861 0.00200024939995418 0.00310383962901925 0.00245400843781464;0.00334498874900256 0.0026860214748594 0.00201859765146887 0.0258741188449165 0.00335942596910499 0.00297031854196823 0.0028757002800522 0.0030688551874775 0.00290052385387002;0.00268576944170323 0.00313279157961837 0.00269046103869142 0.00335942596910499 0.0263848701222498 0.00261475892387622 0.00326841715399959 0.0033399536421992 0.00322044599995755;0.00343512000928947 0.00250515177856662 0.00294085858909861 0.00297031854196823 0.00261475892387622 0.0248334632126083 0.00321572065961803 0.00313458212418056 0.00258390809336697;0.00260639645234865 0.00286223703397223 0.00200024939995418 0.0028757002800522 0.00326841715399959 0.00321572065961803 0.0261175652696017 0.00305836508361165 0.00333480643387725;0.00342122547266459 0.00330415791492593 0.00310383962901925 0.0030688551874775 0.0033399536421992 0.00313458212418056 0.00305836508361165 0.0252383163945502 0.00254657728025319;0.00310402158589108 0.00271930746559768 0.00245400843781464 0.00290052385387002 0.00322044599995755 0.00258390809336697 0.00333480643387725 0.00254657728025319 0.0248828903635213]intento: 30 tiempo: 0.021 [0.0255774941339146 0.00343173637873946 0.00276785534182993 0.00248010452706169 0.0039082981390773 0.00232694207238324 0.00311816996118553 0.00297841099049178 0.00349745274826619;0.00343173637873946 0.0269792873243872 0.00369491945697929 0.00306214998885633 0.00311053264955542 0.00216250657579688 0.00339346975294469 0.00264119016890155 0.00380675954354459;0.00276785534182993 0.00369491945697929 0.0262571086840794 0.00249906861783514 0.0025786827892781 0.00248345217219942 0.0034231914948469 0.00219536345196892 0.00322834619712294;0.00248010452706169 0.00306214998885633 0.00249906861783514 0.0263709358051127 0.00264664331365423 0.00245335346047174 0.00379633942239195 0.00264610782680153 0.00299908202889695;0.0039082981390773 0.00311053264955542 0.0025786827892781 0.00264664331365423 0.0277956775491001 0.0027507662800306 0.00310448818151579 0.00243798563673178 0.00330065665361694;0.00232694207238324 0.00216250657579688 0.00248345217219942 0.00245335346047174 0.0027507662800306 0.0251544759807736 0.00249393042670545 0.00217160879089161 0.00270625675290563;0.00311816996118553 0.00339346975294469 0.0034231914948469 0.00379633942239195 0.00310448818151579 0.00249393042670545 0.0269529868048682 0.00305895871413713 0.00355436925342856;0.00297841099049178 0.00264119016890155 0.00219536345196892 0.00264610782680153 0.00243798563673178 0.00217160879089161 0.00305895871413713 0.0256904844347137 0.00371954924151381;0.00349745274826619 0.00380675954354459 0.00322834619712294 0.00299908202889695 0.00330065665361694 0.00270625675290563 0.00355436925342856 0.00371954924151381 0.0278165931904439]intento: 32 tiempo: 0.021 [0.0257426149281643 0.00307363368043593 0.0024761908837005 0.00243746456529259 0.00321746686668016 0.00287201804625972 0.00344598590399128 0.00244826508545973 0.00258778436860341;0.00307363368043593 0.0247937089795711 0.00251167330111347 0.00242994890394305 0.00288831334891256 0.0023522050229819 0.00308453020227559 0.0026581783750467 0.00200467741467554;0.0024761908837005 0.00251167330111347 0.0237801883939063 0.00327909018975397 0.00231717182406906 0.00275848579000945 0.00261559063184513 0.00280567024424462 0.0025344461442233;0.00243746456529259 0.00242994890394305 0.00327909018975397 0.0245131084856658 0.00229561393122321 0.00289062733173509 0.0029337969660098 0.00261941652596066 0.00251441152306715;0.00321746686668016 0.00288831334891256 0.00231717182406906 0.00229561393122321 0.0241997252127283 0.00307941472356905 0.00250532978584955 0.00290949014700663 0.00248979487804366;0.00287201804625972 0.0023522050229819 0.00275848579000945 0.00289062733173509 0.00307941472356905 0.0262729877095398 0.00339064263104117 0.00237038098743457 0.00275601094846011;0.00344598590399128 0.00308453020227559 0.00261559063184513 0.0029337969660098 0.00250532978584955 0.00339064263104117 0.0257496854410943 0.00272573590795482 0.00234208397145814;0.00244826508545973 0.0026581783750467 0.00280567024424462 0.00261941652596066 0.00290949014700663 0.00237038098743457 0.00272573590795482 0.024025105920883 0.00335782857878105;0.00258778436860341 0.00200467741467554 0.0025344461442233 0.00251441152306715 0.00248979487804366 0.00275601094846011 0.00234208397145814 0.00335782857878105 0.0255152354619949]intento: 34 tiempo: 0.021 [0.0282233025819767 0.00287334581406471 0.0030986925866756 0.0030665877057718 0.00272261375857373 0.00408746399851633 0.00227478290226958 0.00272548562083834 0.00324031659464121;0.00287334581406471 0.0282957649958863 0.00395948570374249 0.00364932755867903 0.00251131247653731 0.00370956107092507 0.00301630275429253 0.00468421067131049 0.00437405797500991;0.0030986925866756 0.00395948570374249 0.0280605852369926 0.00349676868376088 0.00306794714713314 0.00362744824474482 0.0031211833894458 0.00381451058835036 0.0036316046559638;0.0030665877057718 0.00364932755867903 0.00349676868376088 0.0269793392861249 0.0035367428344048 0.00308900073155067 0.00293181424609067 0.00284960170270479 0.00365043537968297;0.00272261375857373 0.00251131247653731 0.00306794714713314 0.0035367428344048 0.0266665220378892 0.00337335149204861 0.00246582196561047 0.00258523849068083 0.00301912844273102;0.00408746399851633 0.00370956107092507 0.00362744824474482 0.00308900073155067 0.00337335149204861 0.0273545925807849 0.00324401664787519 0.00330803204740148 0.00323367437643334;0.00227478290226958 0.00301630275429253 0.0031211833894458 0.00293181424609067 0.00246582196561047 0.00324401664787519 0.026474314036625 0.00236656617735129 0.00312731093533482;0.00272548562083834 0.00468421067131049 0.00381451058835036 0.00284960170270479 0.00258523849068083 0.00330803204740148 0.00236656617735129 0.0284916712390736 0.00294955429948853;0.00324031659464121 0.00437405797500991 0.0036316046559638 0.00365043537968297 0.00301912844273102 0.00323367437643334 0.00312731093533482 0.00294955429948853 0.0271076041585329]intento: 36 tiempo: 0.02 [0.0272640161436156 0.00348284397117623 0.00386267286759149 0.00345747011789318 0.00334792836716767 0.00281842084974693 0.0026916819641909 0.00313600107950435 0.00330000490386089;0.00348284397117623 0.0282126143270784 0.00367427968398281 0.00395106631129887 0.00334524462713924 0.00314236221083107 0.00280974015574257 0.00280007611680941 0.002773872120589;0.00386267286759149 0.00367427968398281 0.0265922547637811 0.00354034676590296 0.00300770351876404 0.0034420512502208 0.00258670225502232 0.00276763531651594 0.00215809840620326;0.00345747011789318 0.00395106631129887 0.00354034676590296 0.0278320669195899 0.00326812181450371 0.00343567028373172 0.00336831139870421 0.00381367657150361 0.00313881263414257;0.00334792836716767 0.00334524462713924 0.00300770351876404 0.00326812181450371 0.0263563519531864 0.0030024373271273 0.00343872711664635 0.00263384551256435 0.00213591152264592;0.00281842084974693 0.00314236221083107 0.0034420512502208 0.00343567028373172 0.0030024373271273 0.0265866694181037 0.00316600648871932 0.0028564077727426 0.00334750571204184;0.0026916819641909 0.00280974015574257 0.00258670225502232 0.00336831139870421 0.00343872711664635 0.00316600648871932 0.0270168957834301 0.00303167653535864 0.00245032015709589;0.00313600107950435 0.00280007611680941 0.00276763531651594 0.00381367657150361 0.00263384551256435 0.0028564077727426 0.00303167653535864 0.0257554838171116 0.00269919851717303;0.00330000490386089 0.002773872120589 0.00215809840620326 0.00313881263414257 0.00213591152264592 0.00334750571204184 0.00245032015709589 0.00269919851717303 0.0272441898940699]intento: 38 tiempo: 0.022 [0.0241264545891558 0.00173474448172248 0.00247385105902093 0.00308339059715263 0.00256115722170471 0.00282033012549087 0.00206773595875023 0.00288289331849776 0.00242401168900729;0.00173474448172248 0.0242592882712831 0.00272674890674713 0.00253563036032518 0.00258682086150603 0.00239032860575908 0.00220412436156642 0.00321047287918512 0.00263857779458593;0.00247385105902093 0.00272674890674713 0.0246103976402556 0.00225706080118021 0.00296990511914315 0.00252557757865823 0.00273855492779564 0.00340016567787022 0.00179881108624129;0.00308339059715263 0.00253563036032518 0.00225706080118021 0.0256458580503852 0.00357944787272018 0.0033845272020079 0.00219735965573042 0.00422111020217673 0.00296889508460288;0.00256115722170471 0.00258682086150603 0.00296990511914315 0.00357944787272018 0.0264504628606827 0.00454419023775284 0.00266298257305581 0.00378211138834922 0.00374864823835075;0.00282033012549087 0.00239032860575908 0.00252557757865823 0.0033845272020079 0.00454419023775284 0.0270833088036732 0.00334970442684231 0.00418987236267169 0.00264384316236522;0.00206773595875023 0.00220412436156642 0.00273855492779564 0.00219735965573042 0.00266298257305581 0.00334970442684231 0.0239328597942104 0.00306110859815543 0.00193273779858141;0.00288289331849776 0.00321047287918512 0.00340016567787022 0.00422111020217673 0.00378211138834922 0.00418987236267169 0.00306110859815543 0.0255531231068346 0.00382709410680154;0.00242401168900729 0.00263857779458593 0.00179881108624129 0.00296889508460288 0.00374864823835075 0.00264384316236522 0.00193273779858141 0.00382709410680154 0.0247829996600357]intento: 40 tiempo: 0.023 [0.0254759721810906 0.00289688668175378 0.00361221611993809 0.00225887528239249 0.00219992344945071 0.00210927936233966 0.0030683086208372 0.00368870082221553 0.00349428982766168;0.00289688668175378 0.0257938556831535 0.0034433375582385 0.00280667484967298 0.00284692328443548 0.00242129761504224 0.00346123001418041 0.00228609375690857 0.00312126482723651;0.00361221611993809 0.0034433375582385 0.0256520253979038 0.00291942643269073 0.00217795990248494 0.00233539995763366 0.00393632998874375 0.00349657761452568 0.0029391754254019;0.00225887528239249 0.00280667484967298 0.00291942643269073 0.0240717209800607 0.00303459787420428 0.00254963996038822 0.00279064528814017 0.00295605953781482 0.0023329022353917;0.00219992344945071 0.00284692328443548 0.00217795990248494 0.00303459787420428 0.0236539892000882 0.00201380236139187 0.00290130351889877 0.0022378273551348 0.00262051301754857;0.00210927936233966 0.00242129761504224 0.00233539995763366 0.00254963996038822 0.00201380236139187 0.0248493598103482 0.00229979738781276 0.00219074863303538 0.0015593521167184;0.0030683086208372 0.00346123001418041 0.00393632998874375 0.00279064528814017 0.00290130351889877 0.00229979738781276 0.0254181156873427 0.00257356685676694 0.00230831768602334;0.00368870082221553 0.00228609375690857 0.00349657761452568 0.00295605953781482 0.0022378273551348 0.00219074863303538 0.00257356685676694 0.0250748323952948 0.00249602434772624;0.00349428982766168 0.00312126482723651 0.0029391754254019 0.0023329022353917 0.00262051301754857 0.0015593521167184 0.00230831768602334 0.00249602434772624 0.0247658805858797]intento: 42 tiempo: 0.022 [0.0233272923038537 0.00257637836573481 0.00300171940732288 0.00280520366278168 0.0020642316557926 0.00235557846369062 0.0029591580033814 0.00225184609436866 0.00220960576112943;0.00257637836573481 0.023433454223974 0.00184218213125321 0.00304064889472878 0.00262274689739031 0.00255531387589396 0.00195600151656438 0.00187280697951168 0.00249703768275199;0.00300171940732288 0.00184218213125321 0.0222749861567055 0.00258027527899877 0.00254132731162658 0.00263281208741663 0.00236240798697931 0.00236160842571806 0.00253101176631061;0.00280520366278168 0.00304064889472878 0.00258027527899877 0.0235846495580715 0.00256542778443938 0.00285960395521348 0.00283726058908793 0.00259144715294819 0.00271547122964495;0.0020642316557926 0.00262274689739031 0.00254132731162658 0.00256542778443938 0.0228377056014052 0.00186612809986168 0.00257218727065844 0.00217657133496411 0.002251912563747;0.00235557846369062 0.00255531387589396 0.00263281208741663 0.00285960395521348 0.00186612809986168 0.0224284367139227 0.00193561721979004 0.00198565409318737 0.00230048607670658;0.0029591580033814 0.00195600151656438 0.00236240798697931 0.00283726058908793 0.00257218727065844 0.00193561721979004 0.0223394027147054 0.00210966320495825 0.00213795640569273;0.00225184609436866 0.00187280697951168 0.00236160842571806 0.00259144715294819 0.00217657133496411 0.00198565409318737 0.00210966320495825 0.0229221272465666 0.00184623996721245;0.00220960576112943 0.00249703768275199 0.00253101176631061 0.00271547122964495 0.002251912563747 0.00230048607670658 0.00213795640569273 0.00184623996721245 0.0217343315285399]intento: 44 tiempo: 0.021 [0.0255402173244991 0.00219751206892712 0.00309950047463271 0.00316056887503793 0.00354063187751595 0.00305747795145103 0.00276586293279781 0.00300874938162518 0.0031116726816963;0.00219751206892712 0.0253521996446613 0.00340182739379795 0.00246133312479028 0.00201740856807681 0.0025275964681839 0.00187398402498657 0.00249212851689005 0.00218401242199664;0.00309950047463271 0.00340182739379795 0.0265100213491534 0.00363866610103696 0.00252861153694737 0.00286549189291709 0.00307479180295605 0.00352839715782879 0.00284093248597725;0.00316056887503793 0.00246133312479028 0.00363866610103696 0.0249838015567984 0.00301811944763349 0.00314531216853288 0.00292662132809307 0.00363544925751197 0.00345997306529307;0.00354063187751595 0.00201740856807681 0.00252861153694737 0.00301811944763349 0.0258966989737577 0.00269140775001737 0.00323986450870161 0.00319703936932923 0.0024316051296324;0.00305747795145103 0.0025275964681839 0.00286549189291709 0.00314531216853288 0.00269140775001737 0.0248471652389732 0.00269192784160828 0.00356389678788085 0.00284134970577224;0.00276586293279781 0.00187398402498657 0.00307479180295605 0.00292662132809307 0.00323986450870161 0.00269192784160828 0.0253178981040896 0.00294134214385213 0.00271265755515581;0.00300874938162518 0.00249212851689005 0.00352839715782879 0.00363544925751197 0.00319703936932923 0.00356389678788085 0.00294134214385213 0.0262646481463602 0.00344706259488861;0.0031116726816963 0.00218401242199664 0.00284093248597725 0.00345997306529307 0.0024316051296324 0.00284134970577224 0.00271265755515581 0.00344706259488861 0.0245782683678433]intento: 46 tiempo: 0.021 [0.02371551811072 0.00327952868867314 0.00322526124548858 0.00244633416723047 0.00239975933322561 0.00262349683554038 0.00272522263857438 0.00270535049567447 0.00229927427283443;0.00327952868867314 0.0239831235490784 0.00364030002845467 0.00283765199396181 0.00315983839337246 0.0023501507805173 0.00283142821684766 0.00310462909996419 0.00200200238324409;0.00322526124548858 0.00364030002845467 0.0239766329058374 0.00231797710008061 0.00303208419065125 0.00267763672922064 0.00315010118293894 0.00228802871372737 0.00228027763655182;0.00244633416723047 0.00283765199396181 0.00231797710008061 0.0228170644685472 0.00201430910275118 0.00206035814944398 0.0025927680975281 0.00181481495911375 0.00156883159617752;0.00239975933322561 0.00315983839337246 0.00303208419065125 0.00201430910275118 0.022088134919604 0.00219411432279606 0.00272218615803012 0.0022251078230428 0.00197953996678139;0.00262349683554038 0.0023501507805173 0.00267763672922064 0.00206035814944398 0.00219411432279606 0.0225186122881584 0.00228810613271148 0.00213204706049573 0.00236641079876158;0.00272522263857438 0.00283142821684766 0.00315010118293894 0.0025927680975281 0.00272218615803012 0.00228810613271148 0.0230480164554109 0.00230743592378323 0.00175446420530215;0.00270535049567447 0.00310462909996419 0.00228802871372737 0.00181481495911375 0.0022251078230428 0.00213204706049573 0.00230743592378323 0.0220438524778901 0.00183091802341734;0.00229927427283443 0.00200200238324409 0.00228027763655182 0.00156883159617752 0.00197953996678139 0.00236641079876158 0.00175446420530215 0.00183091802341734 0.0224622961140674]intento: 48 tiempo: 0.021 [0.025168234587159 0.00265388638685805 0.0020559776920898 0.00282776533040486 0.00344907167533792 0.0030646703962006 0.00257318305886019 0.0028890404700054 0.0030975864430919;0.00265388638685805 0.0240225212773305 0.0020251129389465 0.00269718599047241 0.0019940284699406 0.00258946605267803 0.0022790853985536 0.00288587639248386 0.00251840240618452;0.0020559776920898 0.0020251129389465 0.0237394318530934 0.00241766132320227 0.00228071104262008 0.00192690142556247 0.00243566642324651 0.00189898252628942 0.00230341767263948;0.00282776533040486 0.00269718599047241 0.00241766132320227 0.0260111126802269 0.00287112206139304 0.00272445311675018 0.0036483836874637 0.00366448908325052 0.00336158947022986;0.00344907167533792 0.0019940284699406 0.00228071104262008 0.00287112206139304 0.0253133137732056 0.00192809718542573 0.00272061232083587 0.00290546976144992 0.00339776184279815;0.0030646703962006 0.00258946605267803 0.00192690142556247 0.00272445311675018 0.00192809718542573 0.024358530935651 0.00236100994152641 0.00247299387300978 0.00382466671394729;0.00257318305886019 0.0022790853985536 0.00243566642324651 0.0036483836874637 0.00272061232083587 0.00236100994152641 0.0251478932196389 0.00303971845952265 0.00336043211201226;0.0028890404700054 0.00288587639248386 0.00189898252628942 0.00366448908325052 0.00290546976144992 0.00247299387300978 0.00303971845952265 0.0253681962293224 0.00327622163367756;0.0030975864430919 0.00251840240618452 0.00230341767263948 0.00336158947022986 0.00339776184279815 0.00382466671394729 0.00336043211201226 0.00327622163367756 0.0254033724887634]intento: 50 tiempo: 0.021 [0.023659917840664 0.00225066683102606 0.00257847802841959 0.00288221276495379 0.00303938284519988 0.00295000434716524 0.0030294044270263 0.00286298515833409 0.00260171199106708;0.00225066683102606 0.0227767170799515 0.00252719055237304 0.00298646706007351 0.002457115883389 0.00288340663219195 0.00300421745069933 0.00239563662010132 0.00197744107411527;0.00257847802841959 0.00252719055237304 0.0241812377621641 0.00298364368414671 0.00248371519675448 0.00268053751524283 0.00307498295559303 0.00251212293644315 0.00233864113801074;0.00288221276495379 0.00298646706007351 0.00298364368414671 0.0246501807375111 0.00252141808250834 0.00315462481276384 0.00327346211244532 0.00299684535967643 0.00275899859599135;0.00303938284519988 0.002457115883389 0.00248371519675448 0.00252141808250834 0.0241141625869601 0.00270627251593343 0.00203413156684358 0.00235234016575322 0.0